0.02262739
1.40014
1.272334
0.7394699
1.263129
1.045742
1.292434
0.6320076
0.2546077
1.3035
0.0002688415
0.215646
0.08498547
0.5245908
0.3781608
0.1607892
0.3172119
1.410806
0.7440226
0.1730091
0.5417379
0.5023073
0.02920998
0.2340317
1.091972
0.3148717
1.060091
0.7190804
0.350819
1.505491
1.212881
0.5205129
0.3406608
0.5385173
0.01420383
0.5339059
0.6114964
0.7225264
0.6348996
0.3199954
1.761105
1.534069
0.2031979
0.5993721
0.03019177
1.641776
1.384491
1.35054
0.3839549
0.04488559
1.519007
1.919951
0.2529501
0.3756637
0.776164
0.3548113
0.3149531
0.2152134
0.2376492
0.1520363
0.5250679
0.06702724
0.6438253
0.8220897
0.9047234
0.08941945
0.3741279
0.3905174
1.050859
0.2616334
1.023411
0.08344206
1.01422
1.218647
0.3437414
0.3508667
0.07915933
0.1646838
0.275593
0.4953637
0.7373862
1.192679
0.5239645
0.3042244
0.4017416
0.006661842
0.556363
1.312922
0.9858213
0.2645792
0.1631059
1.408008
0.3391792
0.6059737
0.4232916
1.317741
0.3540534
0.8698484
0.7332971
0.1138159
1.367917
0.8436918
0.811796
0.4962924
0.1075334
0.3629656
0.2279064
0.04508172
1.101439
0.458192
0.02845112
0.5818771
0.3795936
0.663017
0.9797652
0.2704861
0.05817974
0.1063094
0.4341155
1.023458
0.2836118
0.2178409
0.8435824
0.480622
1.315296
0.108616
0.2539848
0.2223936
0.4852102
0.6419429
0.2317245
0.01386419
1.365009
0.5826355
0.8810032
0.2988525
1.487115
0.123223
0.7412709
0.2839133
0.9163822
0.042015
0.6329823
1.025356
0.1074597
0.8158051
0.8135896
0.1909146
0.08402653
0.9935285
0.09347966
1.293108
0.7571294
0.5362031
0.8279128
1.124993
0.7272957
1.063372
0.4767574
1.514092
1.168693
0.973739
0.8792141
0.4105272
0.04492992
0.9263696
0.3078872
1.47928
0.2475441
0.04197971
1.014392
0.446517
1.127532
0.1526232
0.2659672
0.3670967
1.125218
0.8110752
1.015703
0.08684608
0.07137699
6.765684e-05
0.4302214
1.274621
1.020727
0.9703593
0.6394599
0.6159442
0.2376253
0.5894521
0.6839008
1.335257
0.2322077
0.9421683
0.1635636
0.8198054
0.7350625
1.224971
1.816581
1.451121
0.04010036
0.2008908
0.1013901
0.3502405
0.1174186
0.6198014
0.7649516
0.2162742
1.066304
0.4155305
0.6547835
0.277136
1.09586
0.4111044
0.3876674
0.3060165
0.02551285
0.2126816
0.2724513
1.316445
0.7540979
0.2711976
1.949945
0.8108758
0.2397155
1.545288
1.661403
1.773845
1.343648
1.221338
0.05195336
1.490831
0.1129194
0.811038
0.4612782
0.8399306
0.9113337
0.5198674
0.1787822
0.845343
0.1848515
1.163865
1.152714
1.075318
0.7301727
0.3205995
0.08957005
0.5127034
0.25775
0.9204957
0.2137482
0.7718663
0.2750616
0.2392782
0.3286809
0.0910285
1.610317
0.9629521
0.5412355
1.224475
0.1198601
0.8210714
0.1569131
0.2327586
0.7488777
0.032797
0.5952866
0.4314429
0.05701787
0.1450319
1.58552
0.3271926
0.1212453
0.5247527
0.9067175
0.1464073
0.5181943
0.1287239
0.790617
0.06614423
1.048069
0.8935193
1.18667
0.2717545
0.9726289
0.04027664
0.8920293
0.4371964
0.3939359
0.06292828
1.062874
0.03585535
1.538948
0.3461112
0.2742656
0.2022606
1.643868
0.5132729
0.1486914
1.113299
0.05312482
0.9335568
1.018216
0.5180816
0.006693274
0.9737654
0.1012923
1.823172
0.3440114
0.002368515
0.1883513
0.08069847
0.7881127
0.4867462
1.069722
0.4712215
1.476829
1.424168
0.3731626
0.1469519
0.4564542
0.2704007
0.2273304
0.671091
0.8899839
1.140086
0.8008159
0.7518927
0.1508522
1.576632
0.839447
0.1031397
0.5768573
0.3572587
0.3297326
0.8629376
0.3577659
1.371129
0.9028829
0.6345765
1.354005
0.9991898
1.294041
0.3850715
1.073512
0.316529
0.4520636
1.707496
0.7085908
0.03537461
0.4589504
0.1095431
1.294357
1.352541
0.07418818
0.8949399
1.401033
1.589779
1.115397
0.8314227
1.264963
0.9668642
0.6819627
0.3993182
0.5635451
0.1800956
1.666013
0.3603975
0.08491774
1.798597
0.3654817
0.3005456
1.413727
0.4653832
0.7889529
0.2326934
0.1655452
1.52267
1.093806
0.8795613
0.1760443
0.3588989
1.601407
0.2581324
0.4712359
0.2555889
0.08046924
0.5016756
0.2696597
0.8559815
0.3467934
0.5886314
1.398055
0.719827
1.170936
1.386824
0.8578661
0.01625287
0.3072099
0.8224067
1.14016
0.5863154
0.1908843
0.8164668
0.9954735
0.7732766
0.3267444
0.5624077
0.7172613
0.9424839
0.6585906
0.2267411
0.5480935
0.01454629
0.08030768
1.179925
1.713439
1.736509
0.5283902
0.837062
0.1518905
0.05665676
0.4437964
0.6306108
0.5310395
0.3142288
0.5139179
0.3848653
0.3428813
0.338682
1.739541
0.7372519
0.5884663
0.4877872
1.719136
1.151389
1.587889
0.2736751
0.7845609
1.333273
0.3601659
0.08281347
0.434037
0.1534286
0.9019093
0.5999085
0.1107257
0.8021305
0.7841056
0.1057533
0.3354155
1.814959
0.5365371
1.001853
0.3124479
0.3165552
0.8050085
1.25585
1.633849
0.3248537
0.9015299
0.8917636
0.1832801
0.3573829
0.3836442
0.2078583
1.047865
0.6270849
0.7459301
0.4659143
0.9961269
0.1778758
0.1272825
0.6839962
0.8557337
0.4338515
1.642502
1.008769
1.096689
1.014392
0.3734701
0.009320374
0.4654408
0.2341511
0.7924688
0.8876
0.7903469
0.1930523
0.01219404
0.923316
0.07138186
0.181982
0.7594583
0.5540139
0.1555186
0.9254009
0.7607139
0.571373
0.5636882
0.3748484
1.280134
0.98069
1.56441
0.073054
1.307987
0.4824951
0.4310977
0.2423321
1.733959
1.484326
0.7879878
0.3069841
0.1025306
1.169367
0.3045055
0.02024416
0.2169014
0.05948567
0.7270368
1.770976
0.722818
0.03779619
0.1012273
1.099736
0.4652993
0.2272632
0.8092273
0.1008192
0.4510424
0.3127728
1.382594
0.2182094
1.034844
0.5122794
0.5228093
0.5481626
0.273365
0.08481272
1.463273
0.7602723
0.8379697
0.1405047
0.5538181
1.442189
0.8206547
1.435112
0.7466459
1.330362
1.100926
0.8930677
0.5389305
0.5054742
0.8232177
0.1282117
0.1968433
0.1007914
0.2009932
0.04561688
0.02602416
0.2781062
0.1131126
0.1340191
0.4989925
0.8642459
0.1710338
1.735807
0.7498257
1.769271
0.8789581
0.4299031
0.0569469
0.528712
1.030757
1.488081
0.5922198
0.8815356
0.1148859
0.3763956
0.2272112
0.447431
0.4538483
0.2360907
0.07133123
0.2102867
1.684732
0.2920184
0.7943085
0.9946512
0.316659
1.598964
1.045439
0.2286144
0.3948572
0.5632893
0.1262031
0.1766074
0.7601532
0.9314022
1.365424
0.258327
0.1796494
0.3503455
1.001279
0.8718886
0.4578859
0.4545986
0.6649607
0.5618743
0.8526972
0.04811774
0.5616578
0.2162909
1.405972
1.220563
0.7008484
1.337828
0.3534276
0.3077715
0.8020852
0.7485755
0.351508
0.1491683
0.6013536
1.582706
0.3977222
0.3455209
1.023981
1.46264
0.1926907
0.7825533
1.72136
1.099927
0.02670741
0.5126114
1.473819
0.9215825
1.07923
0.2829298
0.1132528
0.1594595
0.3978894
0.7626878
1.787907
0.8705902
0.2561997
0.1320638
0.9376292
0.1155586
0.6989793
0.189464
1.157758
0.8288612
1.589799
0.3848852
0.1175581
1.337639
0.4825628
0.3246173
0.45205
1.266409
0.3118355
0.0118954
0.08081903
0.1114522
0.544574
0.1751529
0.7420252
0.3152686
0.5585396
0.05539471
0.3086941
0.0119648
0.1833413
1.461117
1.863991
0.2049747
0.9483551
0.9801877
0.9557646
0.0007146237
0.3026116
0.3068693
0.7417978
0.5058858
0.4366861
0.4724076
0.1276838
0.05574781
1.223202
0.8120821
0.4908389
0.1375278
0.3701056
0.9472178
0.1174528
0.8970109
0.6133225
0.09381721
1.710463
0.572797
0.7180049
1.146836
0.07982722
1.334513
1.142164
0.6469138
0.05855748
0.9270059
0.5534196
0.6072658
0.3553952
0.3204065
1.527757
1.251552
0.06127853
0.0428898
1.759931
0.1633902
1.202518
0.1568872
1.091046
1.103453
1.159601
0.1205958
0.5090977
0.807019
0.1292055
0.09821334
1.016395
1.649565
0.5723627
1.265887
0.5662805
0.1230467
0.2715231
0.313766
0.08776212
0.6702271
1.221803
0.09317442
0.4392576
0.8348026
0.7053065
0.8777452
0.04693787
0.9919423
1.168129
0.5803221
1.441617
0.9753956
0.9383433
0.9127674
0.5840386
0.8849188
0.4442042
1.297222
0.417184
1.11911
0.8096047
0.5083101
0.6530063
0.9319595
0.02621366
0.7353362
0.4945126
0.2539801
0.9007834
1.115831
0.2672575
1.104325
1.497768
0.357989
0.3203078
0.08717231
0.1730276
0.428331
0.833194
0.07400229
0.3270559
0.5900922
1.197326
0.8789115
0.4566971
1.040203
0.3230558
0.01612175
0.132901
0.9052922
0.7616428
0.3533897
0.1469793
1.006442
0.7926405
0.4109963
1.247091
0.9563888
0.6178527
0.1296644
1.174594
0.1135074
0.4452256
1.66422
1.615828
0.9110608
0.3582942
0.03069591
1.270334
0.133777
0.280429
0.189778
0.8494523
0.7862265
0.2808939
0.03614847
0.6547729
0.1871561
0.9057165
0.8087411
0.01016925
0.9401582
0.803452
0.1822157
0.01455741
0.9900855
0.4608097
1.313232
0.6699131
0.1147074
1.466165
0.1351966
1.529382
0.6264881
0.9809535
0.1941216
0.9761144
0.08054715
1.89519
0.1724982
0.1052342
1.545903
1.096681
1.642945
0.1979802
0.3709269
1.713914
1.057067
0.1224463
0.8610371
0.7076953
0.1213322
1.07253
0.3769601
1.412303
0.7535482
0.722508
1.383254
0.1982665
0.6082083
0.1787431
0.3628942
0.3191762
1.090166
1.167311
0.05933761
0.3565257
1.164831
0.8963201
1.05355
1.340291
0.349451
1.345567
1.118716
1.129138
0.08995623
0.1722329
0.2843702
1.532427
0.7375077
0.4480258
1.297366
0.4227604
0.4042208
0.1942991
0.9673331
0.9850209
0.46289
0.9760322
1.367468
0.1903217
1.809455
0.2453689
0.834075
0.3291535
0.2955801
0.05808323
0.961924
0.2201787
0.2670671
0.1488382
0.4734423
0.3050588
1.436237
0.6207262
0.9743794
0.2155738
1.085208
0.7852187
0.503789
0.3007294
1.26689
0.1165349
0.331631
0.2166321
0.8815921
1.071388
0.1710662
0.1771319
0.4470567
0.4100426
0.4253454
0.5818066
0.01793775
1.685814
1.068805
0.2136141
0.5403338
1.447088
1.397808
0.05722781
0.1315701
0.8272777
0.7423713
0.6403858
0.7370835
1.406979
0.4395006
0.544736
0.8018781
1.085721
0.2296211
0.6640347
0.7277759
0.0596557
0.5523392
0.5363369
0.8276874
1.017714
1.247031
0.4815268
0.09579862
0.2036252
0.2911014
0.04146381
0.3899918
0.3497548
1.379731
0.04082153
1.550165
0.1980588
0.7035196
0.3970773
0.6946265
0.641942
1.267009
0.2271196
0.3081468
0.02500109
1.084119
0.0312619
0.9848175
0.2945299
0.1631667
0.1538057
0.134716
1.002537
0.6509184
0.5947063
1.671659
0.4159943
1.036899
1.481877
0.9484205
0.7163148
0.6480828
0.9680968
1.463387
0.8608923
0.02883178
1.107116
0.5449808
1.24983
0.8185373
0.5321343
1.215375
0.6537693
0.9661962
1.838174
0.3491189
1.604196
1.256096
0.8638699
0.5110506
0.2290851
1.522837
0.3622025
0.1871051
1.843908
0.5717617
0.3585081
1.749356
0.1836811
1.350143
0.4297551
1.215689
0.8709605
0.05747829
0.4683401
1.52152
0.7277926
0.6089884
0.1940736
1.11908
0.2035195
0.3193533
1.761411
1.544133
1.689056
1.375
0.04749573
1.280782
0.2232141
0.5673492
0.8012784
1.335176
1.322734
0.4213188
1.639014
1.003316
0.2246888
0.3967589
1.289801
0.1795423
0.673421
1.021019
0.007525772
0.8010307
1.189796
0.5646145
0.4349261
0.865378
1.122398
0.755856
0.004447792
0.00410158
0.3924348
0.009345159
1.150212
0.2575681
0.02170631
0.1168372
0.0722943
0.7393425
0.06505297
0.5131937
1.340343
0.6708358
0.3938303
1.08777
0.2087561
0.5564371
0.0715229
0.113085
0.5810894
0.1586874
0.5712801
0.6294847
0.3678756
0.9947586
0.3257713
1.146169
0.9716753
0.8518851
0.8174272
0.293168
0.4347605
1.452574
1.603522
1.609486
0.4055973
0.1785602
1.670262
0.2649545
0.1470097
0.7803773
0.4661842
0.5612113
0.5950738
1.842751
0.1160568
0.2770312
0.5948275
0.6184121
0.6898451
0.7250298
0.6727917
1.198598
0.5204395
0.4636215
0.8611918
0.127769
0.9684305
0.3849637
0.6366099
0.9862026
0.2411411
1.374396
0.4086857
1.393632
0.8269735
1.782265
0.5549724
0.7557463
0.3073061
0.8976008
0.8907189
0.5967229
1.162379
0.7026926
1.741146
0.3293491
0.2481619
0.5261903
0.2383044
0.5594079
0.6108285
0.3350198
0.4453742
1.259734
0.06419919
1.200454
1.065143
1.308115
0.0285902
0.5366103
1.559765
0.6532212
0.008822865
0.4229935
0.09941201
0.2049131
0.6713326
0.1782498
0.1046488
1.982099
0.2690507
0.7768013
1.379641
0.03953885
1.1148
0.5780606
0.8353946
0.6107919
0.2576266
1.411373
0.5213645
0.6717528
1.267022
0.3086678
0.421447
1.27429
0.4234979
0.05949085
0.7828776
0.4900573
0.5831155
0.2728476
1.187684
0.9295117
0.592851
0.4403401
0.1752962
0.538604
0.4031099
0.04782675
0.7430259
0.5026792
1.119803
0.614704
0.9953878
0.844785
0.6927061
0.1309624
0.09612964
0.09243482
1.187156
1.032719
0.09173663
0.01511884
0.9429051
0.233647
0.4465996
1.201571
0.06656575
1.315991
1.447771
0.7014531
0.687666
0.612283
1.063548
0.6432763
0.8868128
0.614401
0.03848573
1.519669
0.8242315
0.4178947
1.039113
0.8565519
0.6262928
0.2702828
0.9524263
0.876602
0.1315886
0.4849811
1.317818
0.9126961
0.16609
1.06656
0.8595258
1.664505
0.3168005
0.5722862
0.7926178
0.3669316
0.1539409
0.09683862
0.5414009
1.033195
1.351023
1.003245
0.842782
0.6842894
0.03604691
0.9247545
0.09923632
1.226773
1.094507
1.172557
0.12013
0.3074993
0.5804706
0.1634979
0.4824758
1.179246
0.7579538
1.325431
0.4226186
0.7072968
0.2049515
0.9064496
0.07849183
0.7561901
0.6038812
1.301339
0.6002637
0.4841861
0.2941317
0.3906393
0.3786023
1.292213
0.03420098
0.5256691
1.293642
1.307428
0.1557459
0.5761295
0.05948715
1.836469
1.018494
0.6325803
0.07753005
1.078809
0.774671
0.2069383
1.071379
0.5186574
0.9269765
0.4815891
0.3660968
0.6058112
0.188831
0.1264604
0.57088
0.6402659
0.04957447
1.142548
1.803844
0.3790344
0.8143277
0.9992857
1.398645
0.3169032
0.2642649
0.9170488
0.8195431
0.7424114
0.3443335
0.8784762
1.516241
1.042877
0.2186706
0.3165281
0.3512672
0.5523876
0.08248465
0.08391152
1.335308
0.5468228
1.666013
0.773756
0.3519213
0.6934771
0.1293029
0.4510423
0.9153328
0.4714622
0.9644974
0.5041265
0.6431819
1.854607
1.153749
0.1944013
0.09166223
0.648792
1.57971
0.6398602
0.9810659
0.813503
1.405108
0.2701674
0.1692228
0.6923848
1.44304
1.19153
0.384371
0.2850527
0.1982886
0.440694
1.298618
0.7017488
0.5560815
0.2613162
0.7484616
0.01179666
0.9826103
0.2510296
0.3557108
0.5059252
1.501106
0.2703963
0.0510792
1.092405
0.003823032
0.135662
1.356414
0.1040272
0.9713954
0.02302238
0.1814167
1.15939
0.1806994
0.04687355
0.5552338
1.721112
1.000409
1.854314
0.3666263
1.575317
1.229677
0.8205549
0.2397958
1.057302
0.3593015
0.346864
0.1775102
1.573512
0.9496694
0.7700716
0.9223597
1.656488
1.541761
1.230758
0.07783086
0.8860152
0.09120069
0.2656856
1.604034
0.804074
1.055657
0.8865296
0.4934652
1.142315
1.584869
0.9803397
0.3424754
1.25916
0.06056591
0.0381602
0.238823
1.093021
0.9248735
0.9626195
0.05448998
0.0396106
0.505234
1.386006
0.7688778
0.5116514
0.8692366
0.9911109
0.1809315
0.1544732
1.178736
0.2364587
0.09981493
1.516194
0.9001659
1.125324
0.03886769
0.7114652
0.7121882
1.56171
0.7052072
1.02122
0.2746392
0.2741717
0.9939858
0.4585001
0.4616266
0.3207671
0.4481256
0.1249699
0.9559278
1.129875
0.8682575
0.8032349
0.8462802
1.412515
0.3014243
1.654611
0.8876144
0.761246
0.4217211
1.062157
1.082699
0.4716601
1.398747
0.2039304
1.447122
0.6940363
0.03051131
1.510629
0.3720632
0.6233507
0.3244497
0.008862632
0.602242
1.563878
0.9069938
1.322653
1.171631
0.4818318
0.6748189
0.6685388
1.524379
0.1685355
0.4737563
1.309061
1.612711
0.221961
1.23533
1.238617
1.012867
0.6413433
0.06617477
1.396712
1.410772
0.1141216
0.4132194
0.2188435
0.001607677
0.1278777
0.9023796
0.001819756
0.6170809
0.234325
0.6176677
0.4469597
1.370345
1.397074
0.1569078
0.6647276
0.05781656
0.006136497
0.1416473
0.3051732
1.757616
0.6649223
0.05398893
0.2818821
0.3268752
0.2242184
0.3010171
0.6688117
0.1791757
1.293416
1.151753
0.8095792
0.4452764
0.5000023
1.534621
0.5537666
0.5268038
0.06202583
0.2142411
1.183693
1.082591
0.314878
0.04089134
1.590201
1.548821
0.7865506
0.6330536
1.833819
0.2002023
0.368854
0.2550944
0.2817739
1.095222
0.7256771
1.412214
0.08744514
0.05324716
0.8497896
0.05529119
1.217857
0.2196722
0.09971603
0.5979503
0.5574527
0.3200339
0.7905949
0.5856294
0.7974903
0.5577165
1.481321
0.7721046
0.3909589
0.04120515
1.348934
1.67427
1.107107
0.9423062
0.4683269
0.1426506
0.003199676
0.4836246
1.220355
0.133039
1.36981
1.361849
0.0951821
0.7129279
1.718784
1.186069
0.9078293
0.8818322
0.2463105
0.782823
0.3008251
0.8569986
1.286469
1.339001
0.2096761
0.6072626
1.029694
0.4198167
0.8044203
0.1253864
0.659216
0.5931774
0.4640216
0.08619015
1.502029
0.7348973
0.3932893
0.9288423
1.713662
0.6244249
0.04683797
0.3501058
0.1792255
0.4292885
1.28095
0.1923828
0.3634847
1.492215
0.9028628
0.6051579
1.531644
0.1679456
0.4226498
0.07439112
0.8430599
1.10352
1.16517
0.3814748
0.9729542
0.790682
0.07086508
0.0938907
0.05473281
0.8207327
0.727381
1.242083
1.173225
0.5915843
0.3419259
0.5651923
1.013061
0.4782657
0.5129722
0.02329131
0.9950114
1.028392
0.7434989
0.1121872
0.4577797
0.6499981
1.572119
0.4911727
0.570937
0.488748
0.1788394
0.7069226
0.7406993
0.1727036
0.4654332
0.8321277
0.7229682
1.020126
0.6127871
1.516458
0.5953247
0.4967559
0.120805
1.264153
0.09708843
0.7854122
0.5374166
0.2236443
0.3650359
0.3189619
0.3877355
0.6074155
1.102104
1.657162
1.411139
1.009668
0.8529944
0.7300286
0.1026813
1.285405
0.9130683
0.2433528
0.8522509
0.4059042
1.217675
0.6642133
0.6629797
0.1990638
0.3803908
0.3380865
0.5269291
1.062916
1.161928
0.1048336
1.013667
1.331178
0.8343698
0.7703244
0.9043328
0.5588821
1.599768
0.3995733
0.3865616
0.8803976
0.6765732
0.1263131
1.114512
0.234549
0.06198578
0.01356607
0.6678801
0.4739884
1.751054
0.07499158
0.3225549
1.097456
1.100405
0.3070327
1.48526
0.4519638
0.1730802
0.8120937
0.3184904
0.8139622
1.056842
0.7973983
1.806718
0.38771
0.3360244
1.355479
0.2006098
0.8351864
0.0813816
1.204364
1.781716
0.5461967
0.4770263
0.1016905
1.556796
1.785837
0.2653874
0.8327531
0.9084225
0.5546371
0.000137022
0.01005781
0.7925423
0.6036414
0.2996338
0.7764352
0.06182505
0.04432517
0.05071541
0.7263242
0.4234165
1.369362
0.07806147
0.8979372
1.259099
0.08818019
1.161505
0.1343086
0.8090513
0.07481208
0.209546
1.143858
0.1714726
0.9165869
0.6285776
1.568436
0.7401288
0.1335719
1.717503
1.352591
0.32488
0.606099
1.821457
0.2942845
0.3323558
0.3288468
0.8096367
0.7196923
0.5146242
0.6984637
0.8849501
0.3992986
1.584285
0.1240641
0.2249244
0.08986422
1.118466
0.08734856
0.7162919
0.4078513
0.02184745
0.5192614
0.1033316
0.6695728
0.657412
1.200155
0.8767138
0.1185799
0.03437463
0.4971617
0.1967175
0.06547583
0.1642354
1.172535
0.6069117
0.918082
0.1792573
0.4953374
0.7969721
0.3284406
0.5062982
0.7443352
0.1558848
0.6046386
0.76578
0.3372406
1.428956
1.009
0.4232908
0.4801514
0.1349186
0.5430116
0.2396761
0.7206053
0.2686949
0.06616915
0.9767092
0.1128104
0.7180338
0.5815782
0.148159
0.1398553
0.07624555
0.2579282
0.0086633
1.135557
0.2258293
1.995353
1.346371
1.542766
0.5650979
0.004230121
0.5467231
0.4262583
1.076837
0.2878718
1.357353
1.573694
0.6601222
1.298372
0.7692787
0.3731298
0.06383492
0.4913828
0.106685
0.01785934
0.5122077
0.09711727
0.7412205
0.1117713
1.361972
0.6086702
0.06615126
0.3440065
0.7483818
0.7897707
0.01144887
0.6417849
0.3829573
0.4460139
0.2353947
0.3465124
0.8566502
1.055388
0.3461218
0.8105804
0.2316687
0.1893335
0.5413383
0.427122
0.6244938
0.1806363
0.4474233
0.9822794
0.8824009
0.4271463
0.4548479
0.8802994
0.1711726
0.7218491
0.09751779
0.3774113
0.4937326
1.228515
0.3302295
0.1134827
1.179956
0.7355925
0.09175141
1.673755
0.1890709
0.1304414
0.08517812
0.6684327
1.497337
1.458402
0.5685507
1.283866
1.385647
1.055031
1.594645
0.1205591
1.373378
0.1127593
1.259595
1.360548
0.6190615
1.275505
1.812101
0.7459973
0.4517685
0.006312104
0.5757503
0.4932541
0.1355025
0.6934428
0.5102465
0.5936609
1.53246
0.9834617
1.200581
0.1722704
1.267396
0.3040491
0.8567767
0.4972478
0.1365751
0.03003669
0.2919379
0.4884291
1.194298
0.5909071
0.4609164
1.746748
0.313959
0.5433735
0.2009386
1.239797
0.05570689
0.8170224
0.5240459
1.669512
0.4684659
0.7976833
0.5529373
0.6875658
0.6826833
0.5107768
1.054113
0.2538666
1.479116
0.4215525
1.254064
0.2588876
0.5037781
0.278706
0.2382967
0.7932256
0.6339012
0.4770954
1.588743
0.1560706
0.7070549
1.150318
0.3457658
0.3090611
1.083043
0.9156769
0.6778641
0.9085958
0.2806845
0.9047083
1.542241
0.8868685
0.9054878
0.8680638
0.1118704
0.4802137
1.648803
0.1786694
0.3675107
0.6471358
0.7827066
0.8442602
0.8316007
0.3573128
0.4386424
1.240811
0.4381037
1.197965
0.8272079
0.9018204
0.06635868
0.4399965
1.062842
0.5182986
0.462444
0.4993927
0.1172343
0.04785907
0.2119874
0.1408292
0.7983436
1.590411
0.5376161
0.8435617
0.208939
0.4955903
0.9222623
1.120396
0.9049172
0.7673958
0.3324484
0.7174671
0.7205383
0.4505695
0.1688336
1.495749
0.002614692
0.20643
1.322322
1.532514
0.4434166
1.351185
1.12206
0.9055691
0.03822319
0.3914981
0.8683225
1.152864
0.700773
0.2982496
0.6806522
0.2260148
0.9458545
0.4494345
1.17867
1.50699
0.5313444
1.424895
0.1287629
0.7051872
0.4277936
0.5214961
0.5444166
0.8900803
0.1683116
0.8322884
0.7160796
0.4039553
0.3825443
1.046959
0.2728695
0.968894
0.7519759
0.8036257
0.9266238
0.9594492
0.8089258
0.4509093
0.3058184
0.4157486
0.6058009
0.7958747
1.501668
0.8348321
0.3693763
0.7365054
0.1526503
0.7751404
1.801849
0.2146239
0.9074426
0.3191046
0.5002728
0.5564073
0.1347266
0.27235
0.03582422
0.6385341
1.080769
0.2532404
0.6238563
1.954422
0.5792776
0.005444122
0.4652725
1.451914
1.695359
0.1642913
1.109414
0.7873307
0.418269
0.01714512
0.3275519
1.388417
0.3238599
1.344319
0.2160373
0.9211005
0.8417481
0.6551743
0.6130856
0.04619293
1.655641
0.6755618
0.5490633
1.631786
1.208498
0.1599096
0.3544623
0.825314
0.2161931
0.007738224
0.9743987
0.5874893
0.01015048
0.1534273
0.6631873
0.6661467
0.8005626
0.8085081
0.551003
0.8073077
0.4087002
1.082051
0.317219
0.7959908
0.3114111
0.1436766
1.318552
0.06567117
0.0655298
1.027364
0.3105712
0.3180194
0.3906237
0.1347063
0.1838715
0.09467732
0.4477693
0.8093343
1.359802
0.05723663
0.6343383
0.2200738
0.7920835
0.9495626
0.9777089
1.634759
0.2261263
0.7135744
1.753847
1.23223
0.5416012
0.6241595
1.114413
1.432113
0.6878128
0.6812759
0.8436864
1.401493
0.1715827
0.1743641
0.7792685
0.05226197
1.115453
0.5286452
0.2108487
1.405517
0.04721811
1.277059
0.04220786
0.1858041
0.2849187
0.298586
0.7065462
0.3893431
0.260199
1.786473
0.5019004
0.3324097
0.1216188
0.4234291
1.31942
0.3113828
1.15078
0.05975347
1.807851
0.3621793
0.6883906
0.08242884
0.7865638
0.1620933
0.01403083
0.04835735
1.116815
0.8860995
1.621106
0.4267251
0.3229055
0.9573228
1.62899
0.8074046
1.616899
1.112206
0.5239578
1.777081
0.2090706
1.350308
0.09206889
0.8735118
0.3990493
0.5285495
1.354821
1.617949
1.058878
0.4319301
1.501389
0.04121474
0.3850041
0.5044184
0.1268442
0.1398093
0.439755
0.6892605
0.3592235
0.0664894
0.2349314
0.5189006
0.4470766
0.3292501
0.9623975
0.8877707
1.747136
0.2083777
0.002824302
1.847898
1.107772
1.643688
1.134589
0.6015557
0.007154084
0.4631039
0.403972
0.5086139
0.8057458
0.593576
0.2151258
1.009911
1.242661
0.05959825
0.5206757
0.2645591
0.2824504
0.1558419
1.175744
1.184
0.1726078
0.7913673
0.5414571
0.7322429
0.1972484
1.049064
0.07635141
0.7161807
1.019033
0.2204991
0.5245069
0.2779236
0.1272967
1.228272
0.8500687
0.896001
0.7241358
0.1543136
0.9597036
0.4773158
0.9868375
0.07973065
0.7885339
0.08961219
0.152996
0.7252367
0.8836618
0.135192
0.00341254
1.300352
0.2511308
0.3060064
0.7089377
1.759423
0.668059
0.2232445
1.175441
1.06214
0.2397318
0.676939
0.1274342
0.3187308
1.767468
0.02602197
0.008673433
0.1859298
0.2367522
0.900958
0.6544018
0.9852728
1.070133
0.6048924
0.4050348
0.1599358
0.2793283
0.5766014
1.220138
0.236617
0.1800953
0.3151369
1.643193
0.2638032
0.1128667
0.4070267
1.194718
0.5812624
1.33542
0.08339437
0.219639
0.5834499
1.190523
0.1737208
0.251016
0.531585
1.0959
0.4907729
0.5451301
1.265369
0.3857396
1.640475
0.6065145
0.09648234
1.107823
0.7440523
0.424165
0.06094757
0.08283171
0.8048305
1.143059
0.3222658
0.005114068
0.142562
1.067228
0.1250846
0.4321714
0.2192334
0.1958741
0.01446493
0.442753
0.2642903
0.7566978
0.784456
0.3842872
0.3767965
0.520244
0.1467517
0.2439424
0.8495205
0.8814141
0.1962425
0.4238659
0.9912314
1.078251
0.531507
0.3026721
0.1398731
0.7877809
0.823968
0.604544
0.1341189
1.052197
0.5834434
0.4793159
0.6514976
0.1262071
0.9576093
0.8133212
0.2560894
0.4985771
0.3062998
0.9272549
0.4025782
0.5955211
0.5837721
1.355124
1.644222
1.612818
1.522592
0.6162263
0.0444553
0.6575832
0.09229982
0.5577575
0.8240147
0.07127476
0.3127326
1.214456
1.117059
0.4199915
0.5444068
0.6386062
1.143918
0.6182686
1.433043
1.948022
0.4267752
0.1133337
0.4874711
0.04259186
0.03573826
0.009924555
1.221534
0.7909474
0.6230818
1.64468
1.660471
0.424546
0.3848893
1.355907
0.2239814
1.058657
1.583882
0.4017575
1.004551
0.1802934
1.12387
0.6984866
0.3692861
0.7335069
0.5418173
0.08179844
0.4616741
1.695166
0.1470671
0.2126463
0.118712
0.143586
1.956845
1.213353
0.3896376
0.2342585
0.6755305
0.1279248
0.04460008
0.4015287
1.439858
0.1701854
0.9385414
0.373895
0.0807854
1.337735
1.303209
0.1654405
0.1840933
1.580676
0.1426742
0.6627378
0.4722538
0.9583453
0.9098057
0.4991118
0.7852869
0.8997839
0.6880101
1.934895
0.07634558
0.9723893
0.04654262
0.01574269
0.3860186
0.8316791
1.565094
0.5854887
0.08017559
1.410012
0.4621493
0.1137949
1.276092
0.3232169
0.2090563
0.1666955
0.4813776
0.4677906
0.1618733
0.2701637
0.2071557
0.1684956
1.720139
0.7923612
0.1274318
0.1562378
0.5913256
0.3981889
1.600384
0.4213647
0.8430741
1.360537
0.7713726
0.3841799
0.5985029
0.7259822
0.2969659
0.9953797
0.1236001
1.355515
1.604677
0.482428
0.6484837
0.4002294
0.7471469
0.5974814
1.458434
0.8803371
1.545576
0.06766968
0.4071621
0.9731965
0.1350376
0.4803982
1.488441
0.3134023
0.493974
0.7291788
1.833441
0.27159
0.2180477
0.02495924
0.155912
0.3232474
0.008303223
0.008778422
1.03642
1.225772
0.8832681
0.6694574
1.153989
0.7229572
0.6908481
0.412048
0.1608104
0.5536517
0.1744224
0.3322653
0.2484028
0.06476447
1.454702
1.007465
1.19141
0.06161174
0.8050617
0.3334949
0.1643119
0.03909883
0.5513462
0.1791078
1.290138
0.08904241
0.01125707
0.5984122
0.6728496
1.381748
0.7907898
0.1454652
0.2343094
0.5408019
0.1320147
0.9481746
0.08609975
0.8846279
0.07227634
0.2820883
1.412233
0.2619322
1.149086
0.8914074
0.6162414
1.82645
0.4916734
0.2084766
1.021189
0.9464844
0.068444
0.5600102
0.1823582
1.24024
0.4555763
0.05656721
0.6118033
1.33094
1.6889
0.74175
1.279341
1.166082
0.321369
0.1821288
0.848378
0.5809907
1.51847
0.4620373
0.5575294
0.6024732
0.8642552
0.2282851
0.244549
0.2057969
0.3600192
0.5079792
0.5705215
0.460519
0.2654572
0.2842344
0.297827
0.2996192
0.5851631
0.8713719
0.8054918
0.1405078
1.101337
0.5802584
0.3520438
0.6839213
0.3216404
0.2863049
0.4088295
1.681024
1.73107
1.087842
0.8749665
0.009179451
1.435235
1.33886
1.900354
0.05108295
0.6126799
1.350792
0.2182843
0.05328081
0.5616603
1.537103
0.05091685
1.655429
0.8546989
0.1521344
0.655521
0.06828988
0.6826293
0.5478576
1.531258
0.365655
0.822597
0.6529592
0.0940512
0.6341346
0.959537
0.02677424
0.4665883
0.1357347
0.2132453
0.04624256
0.02819084
0.6764226
0.647816
0.09753598
1.061553
1.259182
1.039253
0.9350763
0.665758
0.4847163
1.452263
0.05008594
0.569486
1.658157
0.414304
1.552061
0.4841508
1.194191
1.675276
0.7234737
0.562555
0.4081619
1.401458
0.01812692
0.3333955
0.4671965
0.006196029
1.512255
1.478323
0.2696729
1.013649
0.3708949
1.151321
1.114518
0.6727008
0.6073558
1.292706
0.1138089
0.03457202
0.1861794
1.270415
1.883062
0.4666314
0.07205677
0.6980853
0.3341656
1.772261
0.8348921
0.8483177
0.7758558
1.267235
0.2629526
1.116959
0.7817088
1.414199
0.3674074
0.9516555
0.8440105
0.2218452
0.3441407
1.162119
0.6033948
0.0125475
0.6636883
0.576352
0.161619
0.7295411
0.7193291
0.4984936
0.9993891
0.4425534
0.04328833
0.108804
0.4671904
0.6334858
0.06890081
0.9984459
0.03451792
0.01877705
0.2986983
0.8308616
1.577721
0.02099848
0.01449666
0.7743597
0.6101692
0.1683091
0.5717635
0.1515404
0.02013974
0.7562239
0.5767834
0.7389368
0.8264669
0.9629948
1.452257
0.1198495
1.121638
0.2192599
0.06826941
0.9193332
1.182699
0.4249839
0.3554105
1.765969
0.6389316
0.4879938
1.4916
0.4373668
0.006278727
1.215956
0.7573267
1.275646
0.2006446
0.03428481
0.06916987
1.014338
0.8004892
1.033585
0.2020001
0.001565163
0.5046086
0.5792815
0.1296586
0.5085945
1.081194
0.2222454
0.3483556
0.4731643
1.156811
1.04136
0.7880018
0.4038365
0.3583084
0.009168769
0.5499724
1.148053
0.8900908
0.06574085
0.3482589
0.1467591
1.096896
0.03640143
0.1207874
1.213929
1.31062
0.1837246
0.4401954
0.3471871
0.1466095
0.7803418
0.8564489
0.06776739
0.3817449
0.4119171
0.4392826
0.6117695
0.6747138
0.6433191
1.950121
0.4039887
0.5619093
0.4165765
0.1365563
0.3576749
0.6143457
0.2960684
0.037468
0.5349051
1.152334
0.3203609
0.3681549
1.112464
0.1861133
1.372452
0.2304179
0.401775
0.7497228
0.2989152
0.7613734
1.253339
0.7764712
0.4967825
0.5725086
0.2450887
0.4565317
0.2511392
0.9288627
1.122935
0.4615809
0.4207503
0.524049
0.1718977
0.8995203
1.331689
0.2132995
0.3831219
1.352428
0.4267063
1.300031
0.4747987
0.3708671
0.4685942
0.1243566
0.1891014
0.4877111
0.083382
0.06942849
0.2094268
1.464448
0.2300452
0.8310491
0.3929889
1.119285
0.1975207
0.3919874
1.680892
1.544214
0.02130438
0.084139
0.822108
0.2075422
1.09378
0.1841419
0.7425851
0.387503
0.8601199
0.2562424
1.241797
0.3116718
0.864761
0.4309375
0.7528263
0.1775362
0.1907828
1.092964
0.9910046
0.9528351
0.7373924
0.8277737
0.2330001
0.3982758
0.598488
0.9735831
0.3542047
0.462953
1.204326
0.1396098
1.054662
0.9694425
0.3963273
1.056249
0.8939896
0.1705392
1.244395
1.218585
0.8710828
0.7350409
0.4498981
1.406452
1.150717
1.349347
1.329307
0.1116268
0.06806619
0.7162455
1.16783
0.1166193
0.3146844
0.9142771
1.032727
0.1533038
0.3323739
0.07088151
0.2973075
0.3976944
0.8069244
0.9252992
0.4155168
0.8181659
1.846083
0.953186
0.6570363
1.5505
0.2801899
0.8947155
1.582991
0.5129449
0.4086214
0.7289805
1.750529
0.6754355
0.3358571
0.3073592
0.3784917
0.543091
0.08047657
0.6453236
0.0313958
0.4531709
0.701888
0.5049852
1.348123
0.5751204
0.45013
0.9701565
0.5817203
0.2680731
0.2075368
0.2242108
1.950247
1.106974
0.8104241
1.084267
0.4333078
0.6180726
1.114957
0.684166
1.036826
0.396896
0.04458809
0.1908282
1.055329
0.3548136
0.2243548
0.05554522
1.067403
1.422947
0.9830583
0.7051957
0.7562804
0.7613545
0.6481254
0.1279092
0.249495
0.9739662
0.8171182
0.05670889
0.6733244
0.3140649
0.3361294
0.6738713
0.2262052
0.2298274
0.3980944
0.7955076
0.04578372
0.806206
1.071761
0.5120571
0.9778413
0.7089232
0.6852125
0.1628653
0.1215582
1.097407
0.3066465
0.5299153
0.5183619
0.4879653
0.3853907
0.08301228
1.012349
1.305676
0.7833735
1.337242
0.2535136
0.7262811
1.365215
1.006127
0.04812704
0.02038607
1.251774
0.02398326
0.05256923
0.603019
1.044421
0.1268511
0.7797505
1.375388
0.9686867
0.7507636
0.6168165
0.44673
0.7565547
0.1722395
1.095756
1.236968
0.7521494
0.8415964
0.1416043
0.1020682
0.07628005
0.5027319
0.1202629
1.128777
0.02525764
0.3861163
1.160643
0.3186491
0.4201762
0.9861314
0.2233851
0.8258009
0.9929442
0.3392823
0.5885591
0.545597
0.26321
0.2974708
1.000162
0.08245213
0.3706752
0.5656733
1.003749
1.219999
0.7061395
0.9622148
0.5084631
1.221564
0.2408761
1.138977
1.409061
0.5824078
0.6522021
0.2824488
0.8653526
1.739387
0.4473822
0.5537473
0.5083632
0.8532333
1.293129
0.889001
0.2523195
0.2096598
0.5320203
0.1837776
0.3845112
0.01467155
0.6883094
1.656736
0.2830956
1.16883
0.7564666
0.601648
1.350451
1.76658
0.4048529
0.4741345
0.6507356
0.6123244
0.8904628
0.4719215
0.8787459
0.7072911
1.507803
0.282398
0.2884592
0.3220705
1.01317
0.4210387
0.8430813
0.475756
1.420756
0.8897432
0.0454668
1.704017
0.256383
0.6290623
0.5306826
0.007590992
0.6183772
0.4726628
0.9475856
0.2177618
0.6385087
0.7590202
1.31889
0.5982779
0.7242995
0.9170443
0.4733666
0.3530778
1.00917
1.097055
1.102671
0.1981324
0.0461949
1.103916
1.103865
0.130963
0.4906724
0.2518506
1.050852
0.6388425
0.7611777
0.2016281
1.070325
0.3946035
0.2448666
0.4369845
0.2404776
0.1350123
1.322957
0.3157698
1.16516
0.6665111
0.2564978
1.256166
0.09089129
0.3687278
0.915628
1.146965
0.7124524
0.9868637
0.736038
0.06979128
0.8585016
0.2901238
0.287156
0.9030077
1.026267
1.443796
0.3727606
0.1972522
0.1689177
0.3546921
0.01555658
0.177754
0.5754588
0.3516617
1.61882
0.06206968
0.493143
1.709183
1.112608
1.10518
1.333745
1.192203
1.548191
0.01175722
0.08969292
1.067471
0.2886304
0.03877676
0.9216014
0.5095087
0.5041239
0.4019477
1.002937
0.5222083
0.5240215
0.45441
1.045577
1.348773
1.332998
0.1464535
0.3003563
0.6447462
0.5714465
0.4925165
0.4611687
1.572573
0.09761483
1.038067
0.00234018
0.6969989
0.0172687
1.230912
0.07990782
0.1503264
0.8430303
0.5301979
1.006415
1.068967
0.4970075
0.2451003
0.120607
0.2272644
0.9999277
0.2916368
0.3217693
0.09209934
0.7533128
0.3004479
0.02205204
0.910946
0.5393942
0.7155
1.12464
1.569987
0.8323901
1.059439
1.192498
1.053517
0.8664
1.872885
0.9082037
0.7994955
0.6042159
0.4511631
0.1141506
0.05323262
0.5175478
0.3406955
0.7670493
0.3424135
1.281261
0.3401898
0.9560061
1.398123
0.1812013
0.8239336
0.0546667
0.01743382
0.03477553
0.6830158
0.4770291
0.1939827
0.6740061
0.9476132
0.110311
0.3599034
0.1043249
0.3016781
0.6791876
0.7589523
0.008353437
0.7089
1.532123
1.04909
0.1357972
0.1427556
0.3594287
0.4162509
1.037834
0.7236499
0.8542225
0.1541095
0.5327399
0.2166458
0.02617493
0.8365426
0.9396204
0.1998091
0.4082721
0.06979768
0.803822
1.383539
0.03786625
1.250412
1.00472
1.127403
0.2281358
1.670399
0.568222
0.09361967
0.5159487
0.003363084
0.3509453
1.060017
0.7235999
0.7955118
0.09579143
0.2660744
0.3882812
0.7708352
0.5858268
0.9424073
0.7269004
0.4639873
1.214244
0.6328488
0.3110631
1.140552
0.4441754
1.046829
0.6688975
0.8377171
0.7404157
1.707065
0.8820296
1.195769
1.271418
0.8454318
1.788206
0.7244636
0.06518248
0.0914984
0.3919507
0.05194586
1.135223
0.57615
0.5261391
1.338148
0.8825429
1.417909
1.300429
0.2142598
1.137366
1.36777
0.6400547
1.62419
0.49379
0.09479611
1.333086
0.09330641
0.0331132
0.08127974
0.8639465
1.288292
1.38731
1.226392
0.4910007
0.3625877
1.131357
1.210543
0.1551002
0.06380457
0.972436
0.3695074
0.206179
1.278999
0.4939274
0.05220104
0.2577736
1.532555
0.01686586
0.5849406
0.3458561
0.3094004
0.3619412
1.425298
0.4075956
0.9891486
0.6036277
0.3266505
0.544335
1.262475
0.6878126
0.022328
0.2709652
0.697694
0.1682423
0.4726606
1.253509
0.005461341
1.316986
0.4666275
0.4988169
0.0283527
1.340435
0.4916261
0.1004621
0.9146905
1.21144
1.052309
0.342233
1.718712
1.751797
0.2016018
1.135574
1.262021
1.004073
0.4682705
0.8175432
0.3068771
0.3478168
1.603318
0.4312859
0.03981338
0.9954755
0.9084621
0.6969184
0.6886928
0.8768204
0.1806779
1.293025
1.247552
1.012756
0.7918237
0.8589585
1.438553
0.4097432
1.60839
0.1541235
0.06690382
0.3997824
1.556693
1.161916
0.1536334
0.4865513
0.8327457
0.7461286
0.3028212
0.4832162
0.2005278
0.1394923
0.2784011
0.09498066
0.3685716
0.5551293
0.2161904
0.420547
0.8140094
1.11612
0.5860782
0.1540507
0.6199544
0.9249943
0.03213412
0.3335612
0.7473335
0.795653
0.6973078
0.190005
0.3233363
1.051822
0.2508487
0.9626956
0.3138561
1.765008
0.2937359
1.196268
0.1128312
1.49891
0.9114861
1.042437
0.508394
0.9445105
0.30908
0.4940095
0.5900564
1.236521
0.4203193
0.5950444
0.3040311
0.3595916
1.283653
0.2107603
0.3444184
0.3251255
0.6595152
0.0465272
1.680108
0.6785122
1.149845
0.3851124
0.055687
0.4156564
0.3852079
1.676616
0.8439325
0.6299476
0.8802969
0.7631471
1.108599
0.1248712
0.1343926
0.8120381
0.01600269
0.2044251
0.1507905
0.05963522
1.431915
0.04637605
0.2718646
0.2007947
0.3669689
0.6875757
0.9805664
0.6724598
0.01778684
0.4637235
0.6268498
0.7090148
0.4627122
1.141105
0.8142875
0.5746092
0.5470325
0.4657384
0.1088624
0.4882677
0.9241465
0.548439
0.4676772
0.1205123
0.1229217
0.7473589
0.7202985
0.4870808
0.3008844
0.1662213
1.096658
0.7945358
1.093697
0.483159
1.302561
1.09005
1.384115
1.458418
0.9675874
0.3952798
0.05206943
0.2093492
0.69103
0.3494695
0.4563045
0.5962814
1.322414
1.477543
0.5907949
0.1088693
1.489366
1.501097
0.1811635
0.03556433
0.7106963
1.35494
0.2027351
0.03222767
0.4851647
1.615615
1.519779
0.5890245
0.4837448
1.33981
0.1826934
0.1243175
0.0264888
0.1194249
0.8984262
1.292041
0.2572574
0.7324895
1.489449
0.3675443
0.1279898
0.6259038
0.4824772
0.8124533
0.3790768
0.5803384
1.245327
0.296125
0.147592
1.297619
0.6321477
0.04591806
0.1637283
1.302972
0.2098129
0.1805676
0.03376408
0.6050249
0.2827449
0.07497803
1.201742
0.02080177
0.7688072
1.339773
0.6797419
0.9748966
1.445832
1.317915
0.4210478
1.497838
0.7590058
0.9370075
1.694958
0.1230227
1.623914
0.1644184
0.4627106
0.6474775
1.563048
1.516336
0.2040973
0.6491301
0.3050433
1.079561
1.019845
0.4213606
0.2336258
0.01931257
0.7815705
0.1396328
0.006531071
0.7651814
0.447741
0.5245038
0.4171365
0.450471
1.3526
0.1607045
0.5014721
0.6311494
0.3540505
0.8484301
0.3402933
1.5638
0.6660568
0.2639036
0.1066965
1.049143
0.4104722
0.01445455
0.5017594
0.05069343
1.145878
0.1055157
0.1695568
1.102973
1.341429
1.032596
1.088461
1.185487
0.6115171
1.608089
0.02477938
0.5809043
0.8322269
0.1553879
1.524299
0.06232085
0.3674418
1.121849
0.2590381
0.9039971
1.084895
0.6401353
1.103649
0.027488
0.0571386
0.7725749
0.4512829
1.09397
1.46286
0.870435
0.9558669
0.6311774
1.058775
1.389253
0.7935511
1.505675
0.5294933
0.6954552
0.7830543
0.1963623
0.2625752
0.579046
0.08461453
0.1618024
0.2270446
0.1214603
1.241375
0.4247195
0.2181341
1.084631
0.5438134
0.2734136
0.1683759
0.4490386
0.9061368
0.1619393
0.1901158
1.208529
0.2120916
0.3719494
1.203197
0.02870267
0.04782631
0.8939533
0.1924422
0.2902708
0.7185837
0.1147208
0.2045443
1.369356
1.530615
1.062376
1.340378
0.830903
0.3402693
0.7518068
0.366465
0.4104005
0.2695045
0.8841173
0.4958673
0.2183462
0.3265298
0.09624445
0.8237022
0.0399213
0.05630045
0.1751178
1.145762
0.7548647
0.5603064
1.040921
0.845939
0.9885678
1.321646
0.3326761
0.05597057
1.545033
0.5557488
0.2353285
1.684264
0.04896541
1.241448
0.1381691
1.507843
0.007607222
0.03635746
0.3596084
0.3978462
0.184689
0.5123606
0.4008719
0.09586935
0.9219221
0.4969042
0.6764869
0.8021641
0.4530315
0.8768468
0.5807357
0.6721045
0.4641315
0.2887253
0.5139033
1.319635
1.704051
0.8992746
0.2208579
0.7202985
0.6614422
0.1286352
0.5948309
0.2638961
0.8940664
0.2685
0.4566176
0.03861767
1.978564
1.69664
0.2125502
0.4409499
1.577755
0.2127416
0.5509319
0.9346405
0.3411855
0.4554773
0.4040219
1.648203
0.09520326
0.6464224
0.04463717
1.058166
0.3728419
0.5026025
1.49839
0.2068711
1.394461
0.08869743
0.7697446
0.792406
0.6743974
0.09619156
0.7721252
0.7198941
1.220953
0.7872757
0.6861809
0.09456082
0.5283928
1.246544
0.02980958
0.4447398
0.2619274
0.1622748
1.246345
1.091012
0.5632208
1.246323
0.9588012
0.448898
0.4794969
0.1040147
0.5253193
0.1029037
0.3394312
0.4890031
0.9684337
0.3489541
1.454033
0.999195
0.7054425
0.6506436
0.3616799
0.9796236
0.05084109
0.8024826
1.179416
0.6940351
0.07684294
0.3121574
0.1314263
0.02941646
0.2666489
0.1848013
0.122104
0.09315977
0.9838401
0.04437987
1.353828
0.1387582
0.742222
0.002193276
0.535468
0.06999569
0.753383
0.05423881
0.02718238
0.208797
0.2741317
0.1886159
1.20588
0.5022291
0.2197349
0.01153044
0.5813282
0.4921614
1.237297
0.2253039
1.266022
0.4230818
0.247927
1.44159
1.42378
0.8392272
0.3450639
0.2096036
0.895661
1.020853
1.031609
0.9025949
0.1453187
0.005764991
1.519497
0.02152369
0.4745117
0.2870906
0.002073536
0.7507546
1.521885
0.04264953
0.03770791
0.3301223
0.01219003
1.177869
0.5390722
1.4443
0.1726552
0.3337882
0.6398344
0.7816435
0.9572835
0.2335194
1.729707
0.4937482
1.03197
0.2833446
0.7491517
0.156156
0.132076
0.3180635
1.459166
1.089109
0.5416077
0.6832342
0.3269442
0.1120698
0.4980639
0.2000629
0.9767267
0.0772844
0.1234501
0.03055084
0.09996333
0.137723
0.2986722
0.4250434
0.001853311
0.6402984
0.801896
0.8394911
0.866549
1.168726
0.2015079
1.32123
1.303807
1.34661
0.1336424
0.368259
0.7550453
1.716817
1.558382
1.501531
0.4560797
0.7436348
0.8933782
0.5015918
1.101095
1.096473
0.7443044
0.1368663
0.8268244
0.05660927
0.06713753
0.007567807
1.043545
0.2328365
0.4978074
0.6626803
1.295441
0.4686536
0.6618387
0.2534089
0.06990416
0.07040427
0.5978529
0.3958236
0.4394191
0.09326194
0.367216
0.484076
0.6956126
0.2756075
0.9173864
0.9443458
1.074026
1.158719
0.7687261
1.00976
0.5396973
0.3479234
0.498855
0.09998024
0.05387344
0.5532797
0.7177733
0.2267061
0.332035
0.8749207
0.2583423
0.1902468
0.3815159
0.154611
1.108034
0.325635
0.4166529
0.1705366
1.396384
0.9690245
1.257418
0.5544645
0.3459747
0.4481577
0.4383574
0.4618001
1.536316
0.8244058
0.7566958
0.4680311
1.176421
0.7998802
0.7424431
0.4276356
0.8430144
0.2894617
0.3385161
0.1914295
0.622742
0.6921185
0.2427736
0.3805366
0.4190924
0.9197778
0.9250342
0.310984
0.1041201
1.643986
0.5004169
0.3539553
1.206512
1.614137
0.132508
0.4549179
0.2692679
0.2346065
0.6631141
0.575051
0.5012878
0.07970832
0.1436141
0.7450993
1.746695
1.064527
0.6155761
0.1171375
1.223228
0.1636226
0.3656905
0.9469499
0.1852331
0.1899529
0.316433
0.5075326
0.1868119
0.7977325
0.471844
1.364664
1.356404
0.1577972
0.4130228
1.341478
0.3841614
1.478628
0.142467
1.595651
0.599799
1.098712
0.8245844
0.6149943
0.1759206
0.5836082
0.08217988
0.484552
0.8481086
0.2419083
0.4024087
0.3884975
0.1486234
0.1140724
0.3006247
0.5845987
0.1587166
0.2149431
1.393924
0.3527248
0.304876
0.4223608
1.003395
0.07883981
0.3190423
1.587189
0.8682958
0.9796031
1.034112
0.09408635
0.8549559
1.763682
0.3877439
0.1092619
0.1802127
0.9211315
0.1662829
1.1445
0.5515015
0.3458318
0.2041555
0.05311172
0.5700568
1.261028
0.4297141
0.04889823
0.9821468
0.828765
0.05118654
0.6996044
0.08705569
0.7680055
1.330538
0.4997168
1.880543
0.5460233
0.3672694
1.644502
0.1618887
0.635705
0.3978485
0.5971628
1.151212
0.3566297
0.373779
0.3916078
1.105975
0.2752202
0.1010773
0.08393243
1.172787
0.2419288
1.25217
0.1827627
1.260494
0.2062498
0.4720379
1.890993
0.3807302
0.09247601
0.5201823
0.2419836
1.484531
0.8565978
0.5111188
0.5662952
0.8710691
0.9264682
1.601824
1.305757
0.6336723
0.3308123
0.5031327
0.6913519
0.2902262
0.1267663
0.9475833
0.1796566
0.5343279
0.01930595
0.5376186
0.5507778
0.5051478
0.133886
0.161101
1.712422
1.032724
1.383995
0.8789303
0.245668
0.166643
0.5534669
1.451005
1.778052
1.469903
0.002433145
0.6749978
0.550177
1.730584
0.3002481
0.1855862
0.5632127
0.1108251
0.7842484
0.4211912
0.2801366
0.4677437
0.6016831
1.693701
0.1755446
0.643798
1.145343
0.08806622
0.5444696
0.02814307
0.02218286
1.398091
0.8418471
0.7370973
0.6545879
1.404692
0.3173395
0.722104
1.189716
0.3262909
0.4109741
0.6741209
0.9945114
0.02317916
0.1757321
0.6036016
0.4237167
0.8646784
0.1950205
0.5162665
0.0975481
0.199662
0.02026502
0.7138392
1.351438
1.498168
1.104025
0.101281
0.9890659
0.7724714
0.1753373
0.3194157
0.9233645
1.412424
0.0397538
1.547001
0.4525259
1.27855
0.2599185
1.465953
0.07535829
0.3605244
0.682424
0.2820831
1.400113
0.8690623
0.4980835
0.8069311
1.608612
0.4103875
1.32782
1.430897
0.6451271
0.5468691
0.06153386
0.9076971
0.2892317
0.4706517
0.4693378
0.1693896
1.163486
0.156236
1.504151
0.3326063
1.232878
0.3995845
1.300582
0.01851119
0.3066326
1.101096
0.6628086
1.470042
0.05312528
0.8150328
0.3181017
0.3088475
0.1381521
0.03239954
0.6109114
0.5022595
0.2505665
0.7888252
0.7589022
0.5829307
0.2073654
1.88589
0.7366534
0.07404484
1.348398
0.8849002
0.9856747
0.5290434
0.787634
0.6683353
0.4372098
0.2264443
0.1700496
0.4936782
0.4756316
0.95247
0.5013817
0.02478442
1.457147
0.631671
1.024658
0.9266705
1.040664
0.7755386
0.2981391
0.7866985
0.340206
0.166809
0.08406245
0.7797954
0.6946018
1.167398
0.2030806
0.2358713
0.1731558
1.195965
0.296463
0.7725281
0.9942326
0.4731157
1.378869
1.354573
0.256712
1.461593
0.4377934
0.003466236
0.7031429
1.421784
0.4747833
1.124283
0.1467038
0.3998563
0.1093419
0.3215658
0.4959073
0.7894492
0.05084521
0.2076087
1.019425
1.071485
0.5064474
1.192622
0.009746011
0.4200507
0.05321175
0.8648329
0.9637038
1.432823
1.292942
0.6351157
0.1817307
1.264901
1.857376
0.4017077
0.4569548
1.859336
1.641912
0.1376849
0.144691
0.03158157
0.5809116
0.1374589
0.1899897
0.1100206
1.263608
1.35965
1.536049
0.980777
0.5646492
0.2146716
0.8591886
0.6383769
0.5819315
0.004221686
0.24223
1.823728
0.1736123
0.7353177
0.3772762
0.2162092
0.485378
1.135706
0.2852188
0.874613
0.8946149
0.9391537
0.5852172
1.606265
0.09876121
0.6081664
0.3721118
0.0624056
0.260387
1.09347
0.5415853
0.402305
0.5700297
0.4584951
0.09593073
1.078142
0.1841272
0.4819623
0.4889976
0.0003708314
0.9187605
0.3349502
1.530226
0.6915584
1.875046
0.5779166
0.4877688
0.2999016
0.09497559
0.03916314
0.7668904
1.171181
0.7556742
1.711764
1.226664
0.7400419
0.5268809
1.739687
0.3317063
0.3147017
0.5032982
0.1620157
0.05332255
0.6880616
0.07741991
0.9174903
0.2640506
0.6165658
0.4274125
0.4491179
0.8455028
0.9132119
1.275746
0.1846852
0.1349815
1.392305
0.3422569
0.6302917
0.149989
0.2892875
0.5553662
0.6800602
1.03568
0.4979667
0.3243926
1.790488
1.188794
0.8905892
0.08251318
0.07176312
0.5282837
1.775444
0.7224275
0.4215411
0.2431219
1.84017
0.02545219
1.798002
0.1038511
1.131943
0.315587
0.9593716
0.2618831
1.583607
0.8632423
0.6974855
0.3304921
0.7794181
0.8004713
0.3424301
0.5180781
1.255432
0.6102963
0.2031038
0.2522625
0.5979727
0.04601769
0.5221093
0.1304549
0.7129072
0.3022143
1.713323
1.589305
0.9307848
1.270409
0.8964548
0.6289474
0.6072282
1.298526
0.4293663
0.1813852
0.2025189
0.6001613
0.8027156
0.4152313
0.6363382
0.287305
0.3451495
1.245354
0.04749014
1.7226
1.772203
0.3715401
0.3086586
0.2600146
0.378568
0.5739093
0.4124377
1.328252
1.220259
0.7470044
0.2563759
0.4062864
1.035461
0.4164634
1.447706
0.2123463
0.3939818
0.3189598
0.2076609
0.8572877
0.9681986
0.5356434
0.02053285
0.290894
0.2841934
1.679674
0.03820756
0.06325601
0.4046674
0.1799114
0.5941517
0.5392281
1.363105
0.03389113
0.4761213
0.04141579
1.794008
1.463121
0.3582883
0.9938776
0.5440382
0.2695319
0.813432
0.2124827
0.5898593
0.001915716
0.7586878
0.1726504
0.8429014
0.3752863
1.201621
0.6062843
0.3393034
0.9817344
0.09277485
0.04133527
0.9786046
0.4747707
0.2452009
0.04817436
0.9099207
0.8261775
0.4081355
0.9197973
1.742609
1.672496
1.415161
0.7445671
0.5068436
0.08246622
1.363431
0.3174604
1.326419
0.01142482
0.8188478
0.1271192
0.443505
1.261942
0.9027337
0.3170466
0.8973
0.1502672
0.5171048
0.503186
0.5172302
0.8121369
0.1484296
0.9278013
0.2905683
0.1701819
0.1372136
0.2537455
0.3515189
0.2980615
0.1965448
0.215629
0.8741464
0.5089751
0.451911
0.1463797
0.4480023
0.216936
1.055998
1.346167
1.534164
0.7877361
0.1921464
0.1601054
1.014185
0.1861722
0.2344457
1.145973
1.432447
0.8166194
0.8696865
0.7228077
0.9369889
0.8409492
1.206418
1.067648
0.201538
0.4510184
0.4187574
0.1544597
0.3634408
0.1663478
0.3506643
0.05902342
0.02063626
0.8088279
0.5830276
0.9265631
0.7658122
1.34755
0.03861717
1.745408
0.5319304
0.241658
0.7386636
0.1214773
0.2161085
0.413151
1.329265
0.6159733
1.46267
1.782004
0.1719126
0.4519713
0.8306292
0.011794
0.3531481
0.8662454
1.772656
1.170757
1.188023
1.482171
0.7426361
0.532953
0.1869928
0.1097383
0.9344245
0.5966069
1.78637
0.6105709
0.2481835
0.2909153
0.1181288
0.8329898
0.7667016
0.2044118
0.7780406
1.868828
0.564098
0.1092435
0.5206925
1.004797
0.4580546
1.557214
0.8630912
0.8266192
0.6272929
0.2225959
0.3015334
0.5658679
0.8618052
0.945115
0.04688662
1.472785
1.516401
1.706176
0.2458014
0.5215384
1.429021
0.924913
0.9962904
0.7617267
0.9483199
0.3681913
0.5816924
0.3401011
1.076859
0.1556593
1.587248
1.566248
0.1645141
0.6843544
0.2277166
1.247294
0.9475638
0.07972101
0.8748711
1.422056
1.424529
1.234459
1.905025
0.1026209
0.8377227
0.4661579
1.309446
0.1877333
0.5146627
0.6777926
0.7669285
0.9824203
0.1041669
1.096371
0.6624189
0.6374744
1.123226
0.7970443
0.6766022
0.284265
1.420406
0.3325175
0.3497927
1.395938
1.482428
0.2479949
0.468093
0.1941114
0.3690809
1.85599
0.1931223
1.373644
0.9093652
0.5227667
0.03309557
1.837661
0.5439695
1.03163
1.1798
0.3844412
1.158841
0.2961642
0.09521641
0.1007179
1.407231
0.6819912
0.2918158
0.02838772
0.4176733
0.8271065
1.055933
0.5837648
0.251701
0.3920545
0.944866
0.461385
0.8617938
0.3831321
0.4722895
0.8827586
0.147425
0.01920241
0.02608043
0.01231549
0.09452701
1.724776
1.151527
0.3619716
0.6141435
0.1100056
0.9553271
0.7707013
0.205677
0.3215983
0.07489827
0.8926797
1.088812
0.5985609
0.5241152
0.1691664
1.215838
0.02582594
0.8094075
1.146615
0.1079444
1.340357
0.327824
0.3502146
0.6734868
0.6183883
0.2579789
0.2953381
0.3429943
0.8471487
0.2070629
0.4971307
0.02804346
0.6179746
1.322589
0.4062576
1.089225
1.556719
0.6024424
0.2380063
0.03252216
0.546267
0.2232675
0.2316024
0.1601881
0.694739
1.508932
0.847074
0.9345914
0.6603178
0.07392419
0.6750383
0.2327296
0.8812425
0.0844148
0.0958499
0.6113817
0.5775562
0.007551481
0.4903498
0.6885219
1.435048
0.2753894
1.011542
1.471883
0.6429158
0.5954092
0.546949
0.847221
0.2703089
0.3082152
0.8509636
0.7497024
0.4965016
1.157324
0.4475384
0.6872684
1.032455
0.3957785
0.1280132
0.3039439
0.9256896
1.645397
0.3456302
0.0250061
0.4993253
0.4381598
0.2981703
0.04587253
0.1849393
0.1978517
0.4947024
0.569933
1.678531
1.454596
1.541384
0.2289911
1.572005
1.817552
0.191843
0.1538409
0.5737649
0.03529379
0.5020154
0.8142118
0.7118078
0.07797117
0.8643986
1.593406
0.2933007
0.4858724
0.6210362
0.6553866
1.008908
0.9601171
0.7028132
0.7611731
0.05467291
1.004744
0.2498265
0.09137296
1.370065
1.263977
0.9518638
1.377869
0.3226141
0.2170319
0.4741994
0.4110542
0.3909833
0.004214326
1.04055
0.8471669
0.3528708
0.5172742
0.609699
0.001968539
0.2448201
0.3560603
1.816197
1.357977
0.6075856
1.202978
1.21512
1.146192
0.008792078
0.06555061
1.214784
0.187822
1.087304
0.8162083
0.2377511
0.4549223
0.9005216
0.600368
0.2904922
1.346042
0.1822252
0.02804407
0.2644034
0.321835
0.8437257
0.2571352
0.4343309
0.4100172
0.02900874
0.612828
0.3059883
0.5469621
0.2766224
0.1541432
0.9088571
0.2022482
0.4703792
0.8607856
1.183895
1.223651
1.203495
0.4870634
0.4488814
0.06028366
0.7674298
1.301456
0.9938393
1.413392
0.07130607
0.8600805
0.3376463
1.33899
1.193743
1.402306
1.17704
1.256097
0.6181705
0.4105712
1.203829
0.9596212
1.145971
0.5169387
0.1569521
0.6936181
0.1009223
0.9582434
0.8341863
0.3955634
0.0747678
0.4296854
0.5696855
0.8970157
0.2066759
0.9981478
0.8752555
0.7917492
0.1021223
0.09736467
1.681001
0.117647
0.7681065
0.8605033
0.2890283
1.384044
0.2029169
0.1949948
0.03507738
0.07843667
0.08852797
1.10049
0.4323841
0.06723376
0.2481361
0.420334
1.455349
0.3405378
1.571411
0.396907
0.6232207
0.2181212
0.08269021
0.9503615
0.4868456
0.7604289
0.7662694
0.5358718
0.8706355
0.2978743
0.3446959
0.2021266
0.3313316
1.649837
0.7098045
0.4742439
0.2553381
1.52536
1.028244
0.5075778
0.2665613
0.3493759
0.6677962
0.7360274
1.476803
0.3511584
0.2170238
0.604645
0.3523195
0.6858592
0.04836739
0.9982574
0.5437615
0.445852
0.7139479
1.253395
0.6400343
1.403412
1.314162
0.6264476
0.5330075
0.73464
0.3475294
0.03120421
0.07324581
1.833355
0.472548
1.265215
0.1628977
0.8710004
1.409219
0.2620555
0.7952332
1.073543
0.01364621
0.1408476
1.054886
1.149949
0.3001844
1.122278
0.3827702
0.8824704
0.2658032
1.177608
1.519898
0.2804414
0.3869094
0.3768992
0.62601
0.2801616
0.8295662
0.07009507
0.1925263
0.167649
0.2999133
0.5823085
0.3864654
1.06141
1.641657
1.458674
0.9261992
0.0863185
0.671407
1.557531
0.5714928
0.04866473
0.1924705
0.3267113
1.672969
0.2801454
0.5829443
0.3849169
1.135004
1.686156
1.678924
0.5535896
0.2498618
1.736537
1.54662
1.233526
0.2842607
0.3683533
0.8310288
0.2326754
1.774894
0.3320851
0.4174572
0.2922925
0.2454678
0.1904407
1.476899
0.9986259
0.6549393
0.4476053
0.2648219
1.42032
0.9958496
0.8630628
0.286566
0.8001604
1.462543
0.3424204
0.01318483
1.259717
0.1688234
0.2355675
0.1076171
0.3359946
0.1734295
0.4789521
0.5498206
0.01879288
0.04635581
1.072387
0.9660501
0.4539546
1.268276
0.2906851
0.0792056
0.3384027
0.433003
0.00565028
0.3659575
1.119621
0.244992
1.810824
1.307962
0.8437104
0.504249
0.0699381
0.9324992
0.6147103
0.9448972
0.4650188
0.4786434
0.1894526
0.9440507
0.4992701
0.2891213
0.2977358
0.04419834
0.834843
0.540923
0.5063871
0.5673393
0.4382937
0.335467
0.240544
1.903963
0.4510846
0.5209467
0.9746626
0.02037668
1.803675
1.507434
1.013433
0.01982655
1.394934
0.6401411
0.5724326
1.582002
1.201711
0.3774785
1.794597
0.3036753
1.216816
1.214872
0.1131136
0.5318738
1.12098
0.3055057
0.720056
0.9817388
0.8268658
0.3258068
0.2094839
1.258675
1.157339
0.01058511
1.178242
0.1712466
0.4901564
0.4123442
0.61138
1.539715
1.730866
0.2138339
0.1583627
0.8745354
0.4777185
1.793221
0.3837472
0.5806804
0.8182622
0.8557443
1.070468
0.004846642
0.3594642
0.4840511
1.019914
0.4498109
0.1159608
0.3689381
1.524987
0.3022235
0.3188965
0.3892184
0.769894
0.7440738
0.2617354
0.8223862
0.3271005
0.3001764
0.190898
0.5853163
0.6437219
0.769456
0.6680198
0.1438346
0.2719287
0.2902745
0.9798074
0.5932205
0.2391123
0.008093412
0.1895793
0.2575696
0.3075363
0.5580388
0.1650896
1.532515
0.1357011
1.493098
0.6439479
0.7908805
0.4589855
0.5102812
0.9615633
0.9388052
1.111092
0.03654459
1.246142
1.311685
0.592743
0.2299981
0.02215693
0.8897293
0.3325906
1.06137
0.3497091
0.05110358
0.3362954
0.5272644
0.7776795
0.06038871
0.6959234
0.9482027
0.4850243
0.1856569
0.01895492
0.3804436
0.9769781
0.3040134
0.5855386
0.130306
0.974972
0.03298871
0.0153008
0.3681182
1.10326
0.02654908
0.9049287
0.668911
0.2613322
0.0904734
0.6636542
0.05020474
0.8300919
0.7704858
0.1805614
0.3249157
1.042907
0.02240454
0.2312111
1.416535
1.593427
0.2551515
0.1854547
0.3959278
0.1267456
0.03792345
0.888393
0.05933573
0.8027571
0.01620279
0.1750389
0.2172278
0.4355664
0.7004783
0.6297995
1.082411
0.5322471
0.3659483
0.4332933
1.845682
0.5212536
0.2767595
0.03918281
0.8220477
1.160787
0.9481333
0.9113685
0.01881546
0.09221273
0.02161655
1.375737
0.27124
0.08897818
0.9309788
0.03503979
0.431243
0.1434852
0.4817066
0.9130408
0.03743801
1.869817
0.07061141
1.079572
0.407059
0.1928486
1.27687
0.6599231
0.8553557
0.2793063
1.053334
0.1978557
1.061617
0.6399592
1.362913
1.382318
0.01190768
0.1605416
1.07955
0.09928614
1.08102
0.8988156
0.1681726
0.1296757
0.2935197
0.4133373
0.3489125
0.8490781
0.3136779
0.1006932
1.383231
1.12071
0.3613383
0.1301858
0.7610672
1.690268
1.202314
1.031172
1.690907
0.892203
1.836586
0.4152528
0.3077272
0.2587541
0.05515888
1.23907
0.6645391
0.2962698
0.8963037
0.6531841
0.4111895
1.547258
0.3539406
1.203266
0.1547932
0.90401
0.8095271
0.7731301
0.09765491
0.8443952
0.0658285
0.02599675
1.150897
1.561291
1.422866
1.432083
0.5357416
0.06741365
0.5728129
0.4431582
1.074544
1.23082
0.6783536
1.298697
1.357587
1.39086
0.8738729
0.1198896
0.4931046
0.5499606
0.8638545
0.006915349
0.4419488
1.265976
0.8222822
0.6150775
0.5122603
0.161504
0.7796144
0.4947644
0.04436991
1.33613
0.4691982
0.8624297
0.4800811
0.1731359
0.07811898
0.6983049
0.1164293
1.111989
1.436123
0.01566142
1.507722
1.166749
0.1772142
0.2924392
0.1786555
1.442362
0.6864168
1.030497
0.8056384
0.4382291
0.2959874
0.4344858
0.3220119
0.0588191
1.170902
0.9809711
0.3313547
1.251402
1.51137
0.04451645
0.09732188
0.8114567
0.2866012
0.3748841
0.1951776
0.4540275
1.091004
1.184456
0.1811119
0.9071366
1.654366
1.518185
0.6360639
0.8022877
0.2494115
0.5443583
0.5599281
0.2032199
0.9991715
1.012175
0.09338278
0.5776129
0.3300932
0.05724564
0.9374777
0.8988502
0.07453605
0.3886257
0.670149
0.8554522
0.9413212
0.5953053
1.30597
0.724254
1.751588
1.193599
1.446153
1.008583
0.8889317
0.1725481
0.5500249
0.8734152
1.049624
0.8913645
0.003085904
1.248968
0.09836339
0.7776842
0.3908374
0.7528092
1.136578
0.2033808
0.7672958
0.3984713
0.9984215
0.5360112
1.713756
0.6746159
0.2933104
0.1683837
0.8668251
0.2234518
1.637767
1.336049
0.1902387
0.2348673
0.5046623
0.2778499
1.476132
1.184046
0.7137026
0.5813742
0.2341387
0.1082497
0.07200503
0.2705874
0.8356751
1.170145
0.3705414
0.5832141
0.7659446
0.001211107
0.2353488
0.9395669
1.088265
1.317481
0.1175135
0.6622539
0.105275
0.7166439
1.331115
0.5062912
0.7311014
1.12835
1.449992
0.1891249
0.6370626
0.9983617
0.04357718
0.2489411
0.9323126
1.012474
0.6282306
1.931236
0.6721105
0.2820452
1.081504
0.5224934
0.03169231
0.5532146
0.8608707
0.6830569
0.181969
0.1634757
1.08344
0.3658501
0.07202085
1.271762
0.03390119
0.7991549
1.351418
0.6608163
0.3125864
0.8882891
0.5875956
0.3324257
0.1369681
1.523614
0.6517967
0.8044021
0.9275461
0.1561538
0.789713
0.7189785
0.8757907
0.8246957
0.97301
0.2344452
1.300276
0.9389376
0.08857537
0.6398105
0.03639623
1.181464
1.153926
0.7671688
0.6716735
1.079485
0.2706595
0.06222654
0.3895633
0.1156446
1.819889
0.529215
1.327693
1.411088
0.6153851
0.09326469
1.070678
1.899879
0.1466368
0.5092563
0.06169018
1.533425
0.3219837
1.362034
0.2781469
0.4881984
0.2759113
1.134841
1.008633
0.7839785
1.816974
1.743908
0.4572254
0.267607
0.6485519
1.037694
1.277399
1.529157
1.1766
0.7376077
0.9939355
1.546634
0.7984712
0.3178773
0.7828686
1.217742
0.2545046
0.02244835
0.4819775
1.224998
0.3402121
0.3119669
0.3005774
0.7288732
1.422941
0.7950855
0.0916624
0.4744182
0.5835035
1.355451
1.466254
0.1117463
0.9866515
0.5257932
1.135378
1.532466
0.1637265
0.5496244
0.2122003
1.867617
0.5502363
0.6007021
0.5219204
0.04333012
0.8753111
1.120425
0.7728119
0.4112921
0.1714166
0.4395386
0.5290135
1.702778
0.7025184
0.4761341
1.211181
0.4538661
0.6746384
0.654146
1.678005
0.1440499
0.1402158
0.7677342
0.2229714
1.141081
0.8516906
0.9563874
0.3616753
0.4925877
1.655107
0.4965156
0.2969436
0.5891909
1.050642
0.08425752
0.263583
0.2842251
0.08521586
1.035118
0.3456892
1.23369
1.589743
0.5530967
0.595232
0.05282234
0.3130292
1.364427
0.1259652
0.7773291
0.5543189
1.594829
1.314085
0.1011254
0.7962396
0.4978471
0.09650463
0.002245702
0.4063292
0.2366406
0.3332477
0.3744008
1.042555
0.6304092
0.3857264
0.4388045
1.458035
0.3798567
0.8601961
0.3634259
0.8127697
0.1802357
0.4495799
1.128401
0.4454892
1.12548
0.8221733
0.3362152
0.2219819
0.8526088
0.3095607
0.3262939
1.677947
0.07892148
0.9513397
0.448648
1.29579
0.07040603
0.04506389
0.3299025
1.503515
0.3096431
1.033873
0.5877687
0.2950935
0.5417723
1.566015
0.4569095
1.532279
0.8584973
1.513669
0.3323853
0.3878083
0.1140457
0.2528063
0.7652404
1.072638
0.6531799
1.474615
0.8395527
0.2061636
0.6034243
1.450086
1.130223
0.2161201
0.6727363
1.244713
1.298623
0.1822276
0.1605986
0.6307361
1.374165
0.002201736
0.2016024
0.3895743
0.010773
0.8068312
0.04606659
0.6685665
0.7135661
1.549011
0.07295872
1.536816
0.04045751
0.7070844
1.784048
0.05894349
0.8711413
1.180541
1.583891
0.9031491
0.5502115
0.01257799
0.1770131
0.6164461
1.398472
1.096879
0.6985025
0.0274771
0.312567
1.826064
0.3956446
1.315924
0.08656949
0.3527206
1.255071
0.06966091
1.509456
0.5558692
0.1600577
1.865618
0.6699503
0.4702993
0.7562313
0.2171226
0.3127808
0.8602321
0.9767133
0.5585179
0.7048751
0.4456563
1.238162
0.7887217
0.1086235
1.599262
0.6817917
1.168928
0.1667347
0.3005248
0.9232361
1.369172
0.369333
0.2736252
0.4729958
0.4089457
0.8168425
0.7698374
0.3958883
0.2418442
1.422082
0.03786975
0.3899766
0.4534129
0.3014715
0.4034804
0.5987311
1.364741
0.03747074
0.2879038
0.6830568
0.2264633
0.09303048
1.194295
0.7196644
0.2340801
1.392076
0.3821923
1.150179
0.7855326
0.3782685
1.513409
0.05053425
0.1071324
0.5290424
0.5035761
1.332229
0.0721577
1.32543
0.5174352
0.1768284
0.5526837
0.5006873
0.1074017
0.970878
1.132064
0.4462513
1.316641
0.03343154
0.2237516
0.6480662
1.218797
0.1144043
1.221079
0.9353312
0.5623053
0.9028023
1.070555
0.5226866
0.612105
0.976041
0.4901398
1.634342
1.01587
0.741065
1.142376
1.005526
0.8092208
0.3285312
0.6110348
0.009671888
1.37118
1.436197
0.187402
0.3534966
0.9900459
1.12211
1.279177
0.1550642
0.6463743
0.4598158
0.3631304
0.6700157
0.8314306
0.9439638
1.134832
0.4893345
0.8173987
0.9750923
0.003808558
0.6496509
0.5941673
0.8897749
0.3357255
0.7995445
0.07344032
0.3305333
1.307934
0.4732347
0.1686958
0.6198024
1.093183
0.9443702
0.7224609
1.19075
0.9429453
0.4981079
0.649617
0.7417998
0.6029929
0.1205487
0.4024226
0.8180871
0.8732807
0.4149394
1.330579
0.9545969
0.5634417
0.03917276
0.0697459
0.1919226
0.8112227
0.6232752
1.375104
0.02622955
1.268462
0.4477785
0.2817669
0.3337469
0.03995542
0.02115639
1.106013
1.004806
1.106386
0.01985556
0.7438561
0.5268289
0.1347079
0.7231204
1.359092
1.007703
0.5675609
0.9286116
0.9427749
0.8970614
0.4761129
0.8546721
0.163638
0.055324
0.03548704
0.9273106
1.328281
1.417753
1.152705
0.1100773
0.6663447
0.2451972
0.5341794
0.7256364
0.7611633
0.4073198
0.3356198
1.304063
0.0436573
1.405154
0.6252514
0.0360291
0.2885883
0.1009559
0.2004524
0.004458675
0.2158966
0.5356061
0.04364232
0.4265288
0.5305278
0.4868669
0.8369369
0.9741127
1.638897
1.320763
0.3052347
0.0552229
1.298646
0.7244668
1.207455
1.352918
1.306116
0.06510777
0.05508038
1.270852
0.5491331
1.519266
0.1608914
0.7718492
0.4673659
0.7295322
0.5605479
0.2267802
0.2601058
0.4345158
1.114648
0.2999646
0.7068329
0.1154719
0.3930003
1.257421
0.5921839
0.9220973
0.6756602
1.879129
1.304632
0.07758907
0.6816203
0.6113936
1.03023
1.183224
0.03821488
1.055666
0.3467307
0.7033868
0.1701615
0.4743699
0.3202797
1.704242
1.532954
1.826145
0.1949083
1.704693
0.2256786
0.2322416
0.818203
0.02231033
0.8858737
1.420403
1.036622
1.941865
1.285193
0.6230439
0.40531
0.1400652
0.9119954
0.102204
0.2370858
1.401931
0.9114493
0.07082757
0.8409203
1.583675
1.144193
0.3038528
1.148067
1.915374
1.866495
0.8289172
0.6505698
0.6808292
1.730584
0.3051735
0.761211
0.4531505
0.750589
0.999359
0.5328632
1.583815
1.220343
0.1426145
1.310757
1.535668
0.01068939
0.02597793
0.1314001
0.1513723
0.5957524
0.3095477
0.02424581
0.2729859
0.2500298
1.17483
1.100172
1.206518
0.2864374
0.2506318
0.007789848
1.277648
0.9380034
0.4883161
0.2692528
0.7534112
0.3732669
0.7077782
1.655355
0.3012059
1.485442
1.796794
1.267678
0.2893983
0.1916258
1.126701
0.4740181
0.7185903
1.430141
0.4392147
0.3949692
0.7455643
1.089195
0.34793
0.04443171
0.4482249
0.1885063
0.5994468
0.9884715
0.5053795
0.7258563
0.1922711
1.288761
0.1668091
0.5908986
1.18792
0.9541641
1.110416
0.2454686
0.1249157
0.3813416
0.07538111
0.1901556
1.765026
1.220861
1.555268
0.7958314
1.036478
1.035083
0.858104
0.04718947
0.392598
0.6372823
0.5962074
0.5840022
0.0835283
0.8699889
0.6486632
1.084152
0.8101792
0.5629689
0.5480009
0.514406
1.911192
0.01576237
1.222265
0.2193009
0.1688055
0.4141853
1.218313
1.585665
1.640577
0.1784521
0.3028949
1.760308
0.8563567
0.289979
1.427957
0.3435989
0.4064467
0.8330586
1.557751
0.6584909
0.3931137
1.364947
0.7609743
0.4176839
0.7356424
0.5935133
0.3556703
0.000881048
0.1929348
0.8939634
0.4507331
0.5610938
0.3617582
1.478993
0.5366129
1.038319
0.9808278
0.07643559
1.874633
0.5200681
0.2046535
0.1906883
0.8030305
0.4058046
0.04997794
0.3274693
0.7089203
0.3493608
0.5157156
0.05223295
0.1853103
0.4042636
1.074465
1.757473
0.1831257
1.374045
0.4947003
0.2314922
0.546004
1.360876
0.2645326
1.047982
0.8177815
0.2132716
0.4303082
0.7135877
1.77002
1.329922
0.37207
0.2167086
0.3352203
0.9448015
0.9734848
0.1997338
0.1633536
0.8179374
1.428797
0.6165613
0.5173309
0.2185357
0.4396954
0.6652926
1.524014
0.7576769
0.1514204
0.003897331
0.4194049
0.01058517
0.1115554
0.05529598
0.184251
0.09076184
0.9766612
0.731972
0.3117327
0.9282256
0.06115916
0.5271765
1.595393
0.2515279
0.185502
0.7263335
0.163106
1.133299
0.2699171
0.2941608
1.001959
0.9599029
0.6645788
0.8655158
1.505022
0.2353418
1.455435
0.03069193
0.6664807
0.9276827
0.4791258
0.2224829
1.398996
0.9399368
0.9280781
0.1099004
0.231091
0.043058
1.465594
0.168769
0.358687
0.4571434
0.3167031
0.3291918
1.025139
0.2730477
0.9225005
0.1387437
0.7258637
0.7107095
1.467307
0.4479554
0.9393035
0.2828926
0.03438913
0.02342469
0.1537243
0.4147845
0.7814097
0.01382336
0.6862106
0.219147
0.8963766
1.067087
0.3292321
0.8598234
1.44539
1.53666
0.654295
0.1047906
0.5824845
1.655272
1.071401
0.5754672
0.9829434
0.4476798
0.4100447
1.007331
0.8364354
0.6626983
1.824768
1.3608
1.703697
0.01652267
0.4809984
0.3758284
0.158147
1.626632
0.07520004
0.3196559
0.2982728
0.7654633
1.23733
0.6987604
1.553725
0.4089202
0.6338613
0.3209632
0.3921573
0.009103367
0.7297977
0.3512659
1.088203
0.5672673
0.172293
1.08711
0.158216
0.4420338
1.079262
0.3112987
0.3050644
1.595412
1.748547
0.3444113
0.6660678
1.113059
0.3439027
0.05007695
0.6831047
0.7780798
0.1099958
1.225745
0.5164986
0.1611794
0.1549631
0.319177
0.05522803
0.1326372
0.2021208
0.7476494
1.327445
0.6178752
0.4578594
0.710971
0.06313186
0.6560667
0.7069378
0.7668474
0.7725589
0.04029696
0.1478008
0.2626983
0.9746262
1.218086
0.5201663
0.2170722
1.600342
0.2482054
0.4973692
0.2000287
0.9864502
0.6005633
0.3998684
0.6004022
0.4928003
0.416467
1.096363
1.770435
1.138046
0.4902079
1.154376
0.6766573
0.7075201
0.26978
0.2602317
1.089174
0.9829184
1.260484
0.2643341
1.576617
1.095227
0.1365013
1.749078
1.404989
0.1673838
1.316858
1.621651
1.261683
1.022442
0.3827773
0.6533989
0.9084084
0.1419641
0.9643368
0.6237267
0.4684516
0.3579452
0.2594434
1.791645
0.1541606
0.6780134
0.3295327
1.468678
1.174207
0.1243284
0.4877992
0.4082941
0.09039323
1.620408
0.7097352
0.6221856
0.2268434
0.1325478
0.3829818
1.582059
0.6639892
0.9355742
0.2721936
1.730856
0.8270265
0.431187
0.06188672
1.339228
1.293178
1.47087
0.4006341
0.673786
0.2731904
0.7056514
1.265087
1.026877
0.08434719
0.2121693
0.5570867
0.7079873
0.714625
1.723124
0.02407357
0.3152539
0.3632888
0.2667528
0.70705
1.171634
0.29011
0.7652489
0.189135
1.215182
0.07000263
0.1001553
1.233078
0.7339813
0.0639723
0.7384455
0.209096
0.2988537
0.4423903
1.609353
0.3494469
0.5860882
0.0168798
0.8045561
1.319642
0.1944301
0.2928548
0.1387254
0.5773726
0.7567346
0.3958523
0.1890769
0.1209961
0.3070476
1.001216
1.520464
1.159591
1.517502
0.6078615
1.234541
0.0024904
0.5015383
1.166991
0.08885949
0.2165045
1.296708
1.021104
0.2855751
0.6894999
0.5892226
0.4620477
1.425117
0.2230106
0.2880786
0.188721
1.047443
0.5798715
0.1959735
0.3743277
0.6534974
0.6879457
0.4628257
0.002019695
0.5712719
0.06780215
0.9392887
0.94193
0.3819116
0.6137734
0.2392038
0.6260797
0.7774582
1.146598
0.9933943
0.8390169
0.3566325
0.508841
0.2799232
0.2271649
1.298672
1.064687
1.110056
1.165524
0.4938084
0.02597672
0.2782892
0.9686082
1.849698
0.9080562
1.074957
0.08800958
0.02162646
0.8816082
0.538246
0.2678952
0.2709634
0.6725805
0.427214
0.8919258
0.1354976
0.08619219
1.734999
0.5991828
0.3865845
0.4663677
0.2456541
0.1356289
0.1770633
0.8567839
0.3587378
0.1793408
0.380724
0.1269737
0.09458246
0.6569373
0.5723823
1.376057
0.6266831
0.1989598
0.9072644
0.6468556
0.1944424
0.5904893
0.9819418
0.5460566
0.5181877
0.972993
0.3757317
1.172119
0.1251547
0.406551
0.2689009
0.3696898
0.0001410973
1.755822
0.1922137
1.205815
1.341773
1.025119
0.5620308
0.6948971
1.195688
0.1902608
1.095651
0.6630809
1.060438
0.2841521
1.382079
0.3757981
1.007114
1.460283
0.7408665
0.9254189
1.206404
0.06858666
0.09799032
0.6874627
0.2988712
0.1008711
1.564569
0.3008202
0.04128356
0.5522773
1.323955
0.4320077
0.4586975
0.7614287
0.960269
0.1803606
0.01528067
0.5338469
1.36816
1.656538
0.5735918
0.7152123
0.9749933
0.4723527
1.187149
0.1901746
0.5768006
0.06470358
1.894039
1.222352
1.250439
0.6230372
0.1014332
0.06158465
0.7638521
0.1810665
0.1716055
0.8650695
0.06660086
0.4304913
0.771779
0.09014486
1.307361
0.5729096
0.03019604
0.9242635
1.45703
0.1007786
0.08547557
0.6650415
1.434507
0.1046382
1.253463
0.9349379
0.6547017
1.527495
0.393785
1.255235
0.6316495
1.357975
0.6130392
0.07718987
0.6221068
0.5205009
0.622443
0.01078497
1.417315
0.2555126
0.8889415
1.307966
0.4107073
0.9230952
0.8440901
0.1630093
0.8439571
0.667374
0.01455906
0.82467
0.5131392
0.9160511
0.004074778
0.7697095
1.328737
0.3856475
0.5172104
1.24265
0.5387512
0.4638194
0.20118
0.2272344
0.2567624
0.004859616
0.202453
1.062575
0.4345933
0.8845393
0.1902761
0.4103335
1.855784
0.308479
1.083253
0.3131833
0.8312485
0.6724832
0.524051
0.5571984
0.4196653
0.5069407
0.1216783
0.545667
1.139033
0.4120211
0.006405454
0.5350877
0.6185896
0.4696047
1.029938
0.3346676
0.7245501
0.5516573
1.684676
1.42568
1.124451
0.9381565
0.07655004
1.161165
0.6560495
0.4693212
0.4616496
0.8467934
0.09750769
1.250312
1.508934
0.3686551
0.591354
1.283374
1.041518
0.3438587
0.02776725
0.5065317
0.3056206
0.5977614
0.2483297
0.7224145
0.5079939
0.5243671
0.4914505
0.7731189
0.902411
0.4514838
0.1056863
0.1665008
0.1651106
0.7723022
0.4465423
1.112719
0.08615022
0.4945793
0.7030685
0.9094061
0.4671286
0.3434332
0.6048631
0.005764583
0.4448668
0.6112715
1.295196
0.8216869
0.2729555
0.4688439
1.701398
0.4911187
0.2016392
0.7837812
1.820178
0.1101832
0.3948632
1.253712
0.4228359
0.1581911
1.32101
1.047652
0.2396833
0.2646269
0.4792427
1.366323
1.326874
1.125417
1.386537
0.4505829
0.2304399
0.1500797
0.3229057
0.2962292
0.6828029
0.5512661
0.8776071
0.6621327
0.1838766
0.8383399
0.7023717
1.204293
0.6913852
1.34483
1.141361
1.172392
0.8401004
1.040025
0.907883
0.9580294
0.0645768
0.07905933
0.4562037
0.8954358
0.6297808
1.275153
0.3544505
0.8833315
1.689312
0.9751132
0.3068049
1.232881
1.240562
0.8817192
1.078963
0.8355798
0.3773303
1.49491
0.1468231
0.07516509
0.7940148
0.1949165
0.5734573
0.6474376
0.1768364
0.1093547
0.05702734
0.008969351
0.3652429
1.771206
0.3371175
0.03464305
0.1261934
0.5309909
1.063134
1.720875
1.448733
1.312175
0.851142
0.6242167
0.4107561
0.3174934
1.183142
0.5817795
0.8220514
1.578527
1.104381
0.6121295
0.4477933
0.5935604
0.187436
1.137939
1.587929
1.073302
1.163916
1.641901
1.148133
0.1868118
0.03798663
0.04813713
0.5319331
1.650385
1.181504
1.552749
0.09568759
0.2803327
1.354883
0.2617481
0.439955
0.2867924
0.04204375
0.2399255
1.475384
0.9637753
0.9232222
0.1554367
0.3243353
0.04478679
0.08403491
0.7941727
1.14635
0.5155667
1.520503
0.6162421
1.066603
0.3948486
0.7102214
0.02513429
0.222836
0.3221612
0.4739726
0.636793
1.023349
0.7655208
0.9362582
0.04347591
0.2839114
0.008261356
0.931955
0.3459433
1.729358
1.405988
0.1466487
0.7772049
0.08243992
0.06899847
0.5531457
0.9245285
0.6622514
0.6246698
0.5204321
1.466914
0.7184506
0.00278592
0.008560705
0.1152588
1.135963
0.6117408
0.8840649
0.5094735
0.2822009
0.2766502
0.7717006
0.1863913
0.577006
0.212626
0.731247
0.1925914
0.2630283
0.1915566
0.09455323
0.2366996
1.416612
0.1084418
0.2563937
0.380641
1.417694
0.3808457
0.9774142
0.576353
0.4606664
0.1951851
0.246714
0.08629792
0.5883291
0.7953728
0.731208
0.7781471
0.3061148
0.8516541
0.7245789
0.5730458
0.1823644
1.106453
1.538201
1.349295
0.5382339
0.6077727
0.6129749
0.5003394
0.6476613
1.083832
0.2049805
1.210733
0.4752797
0.7381531
0.009659911
0.6460559
0.9191967
1.490831
1.421958
0.324416
0.05463966
0.2032562
1.629859
1.7878
0.4169714
1.010271
0.3858591
0.4506131
0.02991166
1.554577
0.4957387
0.5609116
1.722861
1.382104
0.980114
0.2175925
0.3399835
0.6398572
0.3370842
0.009659446
0.4428421
0.6412052
1.099027
0.1628081
0.9837157
1.513783
0.02518259
0.2925236
0.6648763
0.4584394
0.8564194
1.513325
1.071264
0.9951072
0.6610403
0.9214595
1.094086
0.2572934
1.214618
0.709953
0.04561433
1.022129
1.65872
0.4780439
0.3484773
1.018358
1.135635
0.537987
0.2859865
1.059661
0.3157464
0.6754929
0.9488849
0.355929
1.216793
0.696648
0.4354144
0.1159574
1.19757
0.4954618
1.031656
0.5637544
0.02555605
0.3937181
0.2530767
0.4427658
0.04161696
0.3380189
0.8084536
0.7400697
0.5546664
0.02434174
1.03576
1.387873
0.3787191
0.9696279
0.08022322
0.3280019
0.9625896
1.075366
1.303006
0.2923234
0.9120568
0.1283639
0.04416746
0.6838842
0.3955812
0.5293411
0.08268512
1.250754
0.6061654
0.739125
0.6810879
0.007845343
0.3809191
0.9371916
1.263119
1.269767
0.7036861
1.05494
0.6278027
1.263993
0.4659047
0.5146639
0.06007075
0.1200051
0.780834
0.7750848
0.4676858
0.09051302
0.7975685
1.01737
1.173081
0.4105287
1.673213
1.529454
0.9671818
0.4025765
0.1769648
1.189269
0.7906121
0.6528121
1.368246
0.3539621
1.212362
1.77158
0.2151636
1.308409
0.2562598
0.1112461
0.4662023
1.134739
0.6719722
0.2995001
0.6851963
0.5233376
0.981824
0.4161321
0.5922887
0.7510072
0.1840864
0.4416831
1.268267
0.4451683
1.382723
0.08824033
0.7408007
0.01085326
0.2215535
1.502128
0.828416
0.1156703
0.2776635
0.7157683
0.6552657
0.4798058
1.889903
0.8348931
0.5597208
0.112978
1.095971
0.2957456
0.2858971
0.5207059
0.9004937
1.23889
0.5871846
0.4077188
0.6167262
0.3146442
0.1152396
1.488731
0.9573432
1.324033
0.08754672
0.6925712
0.5993372
0.3348437
0.3235866
0.3871837
0.3475949
0.4177554
0.03535081
0.8608964
0.684672
0.2427492
0.1732416
0.4913672
0.5742993
0.7357607
1.006973
1.794292
1.891814
0.8101802
0.4147867
0.1831768
0.8574234
0.1867062
0.2799481
1.099316
0.7386972
0.1737252
1.119546
0.4971256
0.290152
1.420038
0.001077379
0.1667607
0.4489687
0.9149518
0.04128314
1.088812
0.09194462
1.727529
0.2696918
0.4914072
1.513024
0.4251652
1.533034
1.249213
1.361385
1.461066
0.4553755
0.7150249
0.4920683
0.2974756
0.219459
0.1484969
0.126017
0.1059406
0.1550593
0.00420633
0.8350777
0.297338
0.4873759
0.4174385
0.430623
0.2112105
0.6636105
0.01862666
1.224612
0.9214519
0.7723284
1.02219
0.9362272
0.9231252
0.2323719
0.03426667
0.4560396
0.7440523
1.439304
0.07142512
0.1691724
1.117563
0.01555116
0.2003395
1.409697
0.4965706
0.2760926
0.2047389
0.3557855
1.142507
0.2817066
1.063668
0.2621683
1.052784
0.3207512
0.9119086
0.2918993
0.3246723
0.714255
0.9344301
0.0526377
0.5146087
0.2221053
0.3228635
0.4100311
1.094409
0.6883061
1.14957
0.0602294
0.7272093
0.7807527
0.3362374
0.3847025
0.3777352
1.415053
0.5405808
0.3881707
0.05204873
1.025033
0.4554995
0.3356428
0.2733945
0.1576221
0.003694578
1.278089
0.03718832
0.516212
0.9957469
0.3262095
1.495221
0.9756145
0.2744434
0.4114067
0.1418466
0.3585446
1.556801
0.8519806
0.3552796
1.218258
0.3932144
1.324056
0.1795601
0.2398011
0.4822011
1.508569
0.2451507
0.5759866
1.398304
1.628394
0.264141
0.8226713
0.194764
0.5388312
0.5862101
0.6365473
0.7064789
1.911617
0.2622894
0.638436
0.4437719
0.17134
0.5009852
0.3057293
0.6373184
0.2666183
0.1562512
1.394843
0.1471811
1.308059
0.6437435
1.120586
1.068424
0.3230833
0.1615015
0.06837088
0.9762773
0.5254639
0.8026127
0.04644464
1.1187
0.7705747
0.2179184
0.6761609
1.051798
0.263183
0.06949031
0.04714923
0.1696509
0.9192007
0.5395874
0.8098068
0.3328115
0.5313086
1.097591
0.580969
0.5105673
0.4834456
1.222841
0.03952775
0.5525264
1.019148
0.8366971
0.01795079
0.4946925
0.1286833
1.262747
0.01457714
1.200688
0.9670848
0.8595056
0.4749999
0.9904152
1.175164
0.0930786
0.5330495
1.170269
1.244077
0.9659331
0.573767
0.3715248
1.004379
1.064598
0.598252
0.1598447
1.161166
0.5568649
0.6587839
1.205784
0.9385755
0.0147932
0.6720021
0.3070179
0.1745834
0.2524295
0.1303645
0.9253009
0.46052
1.017034
0.2056107
0.1985479
0.1168448
0.29666
0.3970939
1.231911
0.4576511
0.03550148
0.1585297
0.1986247
0.6368909
0.9270786
0.2817631
1.017697
0.3201961
0.2396099
0.6585171
0.526879
0.4281418
0.4490903
0.2925361
0.4556404
0.09659754
1.362018
1.561185
0.0466269
0.2549517
0.2846977
0.7836337
0.06374177
0.535838
0.9380883
0.714667
1.014387
0.2661898
0.1714313
1.19574
0.6492432
0.1440697
0.659539
1.228482
1.245969
0.1479851
0.01862721
0.2913515
0.8589224
0.03342305
0.1590617
0.1527684
0.1298129
0.1754767
0.62079
0.0138666
0.3478719
1.662422
1.707374
0.3941372
1.633626
1.50388
0.8718178
0.8405807
1.018553
0.3402446
0.4170006
1.474432
0.7929473
0.4321866
1.665359
0.7827054
0.2346499
0.4788232
0.4213439
1.16781
0.5092857
0.5356427
0.6065634
0.1652155
0.7834092
0.7094917
1.025161
0.9317969
0.1116771
0.6372923
0.1572592
0.04660793
1.584475
0.2023514
0.3122256
1.110097
0.8001481
0.7214168
0.2020987
0.0471409
0.5007598
0.4433658
1.028529
1.175529
1.742337
0.7903524
0.6657015
0.9997643
0.3234249
0.1928825
0.3547382
1.380251
0.390306
0.2391372
0.4588078
0.9608446
1.184201
0.06366019
0.6630811
1.171937
1.200042
1.728514
0.06034446
1.318992
0.4858767
1.356731
0.1038091
0.2188288
1.637978
0.4275351
0.3677792
0.1178708
0.3000289
0.005520462
0.501637
1.265966
1.255935
0.3076374
0.6275111
0.824925
0.3077691
0.3441849
0.05322756
0.5833139
0.467118
1.590944
0.3638332
1.523189
0.00521214
0.1485739
0.6408546
1.180852
0.2911493
0.5069591
0.9373857
1.080208
0.2970509
0.5429941
0.3881819
0.4755304
1.112259
0.1950005
0.0237073
0.2105434
0.9768842
0.5795093
0.095311
0.3172303
1.023887
0.3412657
0.5731939
0.04379363
0.2981754
1.297821
0.6940722
0.2885412
0.4763527
1.128844
0.5480488
0.07695767
1.8355
0.7092833
1.090398
0.2606568
0.812161
1.778145
1.523235
1.007138
0.7692893
0.1418498
0.1559831
0.1083445
1.726519
0.4890805
1.143327
0.5207308
0.3975041
1.270212
0.7141401
0.41983
0.1710023
0.7814001
0.5193947
0.010746
0.08751727
0.3314293
0.006410912
1.02285
0.5580593
0.7836658
0.3034345
0.05557369
0.3407398
1.140087
1.233421
0.1644451
0.9306375
0.6966615
0.2703677
0.4652036
0.1279056
0.2425047
1.01419
0.815356
0.7907168
0.9393752
0.128125
0.9521967
1.248544
0.3210802
0.646464
0.4006648
0.1569687
0.4148676
0.3447879
0.3144059
0.1035847
1.142898
0.2848988
1.525148
0.5987756
0.7146991
0.4795179
0.6743275
1.109352
0.6599923
0.6238513
0.07802753
0.736506
0.5367832
0.1110258
0.7886121
0.5124582
0.2432215
0.4653771
0.2101173
0.2705101
0.279169
0.8179273
0.1895684
0.5662436
0.2710371
1.461002
0.4265155
0.05859634
1.139004
1.015703
0.4211449
1.082723
0.6797501
1.538785
0.2358516
0.7030623
1.206704
0.1438077
1.54936
0.6740961
1.08512
0.14839
1.309052
0.04711122
0.9795027
0.1081671
1.20112
0.4962443
0.5368965
0.1094098
0.8380966
0.3236071
0.106061
1.236565
0.09045403
0.2230971
1.133763
0.1773477
0.7858748
0.2081734
0.9658757
0.9103835
1.631485
0.8008452
1.127474
1.165643
0.3705035
0.7132691
0.8501979
0.1698677
0.4291533
0.5866091
1.423418
0.1441595
0.004400767
0.7361858
0.2914317
1.079889
0.03871555
0.8830234
0.04160866
0.286482
0.6975676
1.370902
0.3445328
0.3457556
0.8632765
0.2744569
0.3115914
1.295521
0.4317247
0.7449119
0.5078789
0.2173383
0.5377415
0.2322335
1.463553
0.2397774
0.1087261
0.3552902
1.406636
0.3038679
1.198254
1.409095
1.050235
0.212882
0.7414431
0.7991722
0.5023863
0.3729846
0.4815498
0.1276475
0.5296748
1.388939
0.7687417
0.3073105
0.6871849
0.5509221
1.113883
0.7938203
0.1820629
0.7909214
0.5398262
0.3291067
0.5919627
0.2749041
1.12447
1.045365
0.5367648
0.1757303
1.579199
0.8082855
0.3591677
0.416705
0.09784183
0.4447461
0.1401654
0.4527298
0.4243035
1.125347
0.5542072
0.3099838
0.3269877
0.5909473
0.8710363
0.8263779
0.2588145
0.6825461
1.06917
0.7057866
0.6241925
0.2405393
1.15759
0.1624277
0.8999647
0.8590371
0.2693647
0.919815
0.03633346
0.440523
0.09729834
1.587453
0.1353315
1.040918
0.5210643
0.1943518
0.7361908
0.770727
0.7967429
0.7552114
0.9135955
1.548959
0.1258349
1.699566
0.9165062
0.03667688
1.020172
0.3617991
0.610212
1.082376
1.4137
0.4072574
0.002708198
0.8175648
1.95714
0.2037041
1.32939
0.9033116
1.028588
0.1054997
0.4007978
1.668564
0.6660745
0.5687945
1.486912
0.2196584
0.4431854
1.006144
0.0007784969
1.309721
1.403048
1.551223
0.1095585
0.4791072
0.09305198
1.007778
0.08885271
1.681566
0.1419464
1.002406
0.8540877
1.217721
0.3321941
0.6031505
0.5827065
1.007884
0.9974462
0.06141744
0.3544615
0.384294
0.1782018
0.9996826
0.6733173
1.010333
0.5001341
1.738506
1.112148
0.4268013
0.1076641
0.7295851
1.159951
0.5577896
0.2658896
0.5588553
0.8733081
0.01181271
0.3699467
0.9117813
0.380936
0.3923839
0.8685924
0.4772426
0.008393465
0.8369371
1.202014
0.5229306
0.5696603
0.09802401
1.800701
0.4683263
1.411162
0.1315423
0.8067319
1.187956
0.2471223
1.47343
0.7779467
0.1908918
0.609472
0.7404022
0.6989363
0.09619872
0.8012209
0.04533389
0.6723186
1.363234
0.8894031
0.7312867
0.03636909
0.5066669
0.7739478
1.494935
0.2967832
0.7655222
0.7765965
0.1978877
0.8003638
1.619802
0.8574666
1.136668
0.5575379
0.5969831
1.090161
0.6144149
0.4893071
0.5648144
1.474808
1.767142
0.7546484
0.1360628
0.03136175
0.4205007
0.5898426
0.8315318
1.404374
0.3156687
0.3383398
1.289252
1.492479
0.8467216
0.927106
0.5673171
0.5667786
0.1104897
0.1327088
0.07899264
0.2681192
1.6422
0.2616658
0.550568
1.71383
0.1758908
0.9961045
0.1652804
1.146873
0.3213365
1.068441
0.2822276
0.8344882
0.7185322
0.4495815
0.8275186
0.06098062
0.4872283
1.072466
0.7569325
0.1270971
0.7072622
1.056002
1.398471
0.2359758
0.3588976
0.3091177
0.2495034
0.6853187
0.2109347
1.209747
0.1163035
0.9982322
0.9933719
0.2814653
1.717437
0.6151881
0.7809507
0.6368651
0.3251564
0.2364023
0.3262517
1.227291
1.163939
0.8876221
1.379773
0.6904935
0.5444709
0.04136666
0.1059846
0.1892743
0.5198419
0.4804557
0.2326139
1.321997
0.9891141
0.435859
0.1679159
0.8071841
1.417504
1.201134
0.3568264
0.3574742
0.4438169
0.6521754
0.05167659
1.316132
1.576041
1.243542
0.8852892
0.2677717
0.5617568
1.306634
0.6349147
1.238252
0.4189508
1.304321
0.2000626
0.5455481
0.6433199
0.3544533
0.3780879
0.01506197
0.7810293
0.1345539
1.483733
1.586144
0.2937809
0.1491894
0.206365
0.2253364
0.4571969
1.41775
0.06955656
0.1594375
0.4757133
0.3890865
0.1751368
0.9894629
1.175372
0.2030733
0.004091803
0.3897725
0.433685
0.7216401
0.6774198
0.1633376
0.2027645
1.872766
0.9118288
0.03996937
0.5526269
1.185954
0.5487804
0.5740741
0.4914247
0.8621285
1.35144
0.1371074
1.112868
0.09774713
0.5565167
0.4090981
0.536629
0.01511434
0.6343439
0.4404278
0.7583832
0.03191501
0.006998406
1.631804
0.9045417
0.6363379
0.6980179
0.3158485
1.152134
1.272447
0.3214582
0.90709
1.016889
1.227575
0.39682
0.6143377
1.287233
0.459218
0.6248721
0.5086179
0.685514
0.1169982
0.6462226
0.5270701
0.8527475
0.9090025
0.5686984
0.9962679
0.3011358
1.138787
0.5128479
0.3119458
0.9302348
0.5161252
0.9230074
0.00978878
0.464643
0.3384045
0.6786159
0.9996513
0.9600171
1.457531
0.2396923
0.08191941
0.6147987
1.653044
0.2012106
0.5921031
0.6400718
0.5465066
0.0174476
0.8890863
1.112079
0.01976216
0.02179562
0.3746498
1.017045
1.125024
0.3429174
0.2296993
0.6920878
0.7601031
0.717165
1.721065
0.9250672
0.8955264
1.012216
1.401185
0.1211942
0.08034697
0.2925679
1.235746
0.5872653
1.715655
0.7006402
0.06989812
1.829364
0.1071252
0.02543812
0.1072499
0.07353824
0.8196153
0.2619983
0.1832548
0.03754102
0.7861929
0.5084622
0.2979973
0.5052733
1.314234
0.2434479
1.683428
0.947558
1.348076
0.4872926
0.01067401
0.2648149
0.3900155
1.785934
1.485329
0.9388381
0.3064589
0.8331545
0.396352
1.365432
0.336418
0.2146164
0.8573476
1.456328
1.529538
0.4852662
0.2088243
0.2645062
1.465903
0.03817649
0.8102326
0.4329892
0.8420967
0.0001601261
0.5213406
1.300629
0.2732579
1.438622
0.4581743
0.05388161
0.7524681
1.062661
0.9941828
1.49935
0.8625171
0.3585135
0.1585786
0.2959585
0.8334932
1.425437
1.038437
0.9915845
0.5383939
0.04733347
0.2051886
0.19351
0.3729841
0.6818907
0.5036478
1.04703
1.332109
0.4827672
0.4440152
0.5516843
0.3585792
0.8583467
0.2061331
0.2289725
0.525887
1.34934
0.4228357
1.444345
1.810897
0.5999362
1.309596
1.04029
0.2273826
0.8999794
0.4235038
0.7326838
0.3840126
0.787806
0.2719979
0.6994969
1.266556
1.41608
0.003518143
1.551155
1.028393
0.3337055
1.258196
0.4471767
0.2647868
0.6956775
0.3176349
1.497861
1.005807
0.2810936
0.4521261
0.9252849
1.836225
0.567983
0.3163632
1.032091
1.011545
1.030005
0.6357626
0.176415
0.8089453
0.4062681
0.6429627
0.06425242
0.216702
1.106072
0.4080924
0.1051808
0.8009076
1.113397
1.218093
0.1634605
1.379362
0.8739763
0.5585734
1.322022
0.04853141
0.8506734
0.1092361
0.302745
0.04587769
0.2248956
0.2048759
0.3800069
0.8170109
0.07474258
0.6373102
0.7525791
0.6904987
1.227545
0.1038561
0.7997473
0.1193793
1.302063
0.80904
0.188301
0.3237445
0.8790754
0.1004336
0.5314314
0.3868278
1.006966
0.662236
0.7138516
1.283223
0.7633697
0.6947998
0.6992131
0.1585205
0.1174682
0.6722873
0.1295108
1.176979
1.489239
1.315256
1.288517
1.772748
0.8207765
1.249903
0.4416592
0.7833894
0.7077822
0.1161106
0.4747523
1.260492
0.7260637
0.4383972
0.9884351
0.6295398
0.65437
0.1051724
0.6790617
0.8349506
0.684476
0.533189
0.5409011
0.877317
0.4390031
0.3580082
0.4223145
0.03853952
0.08229651
0.2183918
0.6258845
1.761569
1.505098
0.06830969
0.818589
0.3311976
1.732415
0.2797544
1.415073
1.597008
0.7035037
0.1099883
0.5129393
0.2396445
0.3996926
0.4126436
0.8146368
0.00892571
0.3721379
0.1535508
0.3343575
0.1525218
0.7776846
0.1385276
0.7958853
0.7993491
0.03830015
0.03629909
0.2247168
0.4068635
0.2802816
1.625605
1.242953
0.9364582
0.3345653
0.5335286
0.5987832
0.849105
0.7807129
0.4334833
0.2296754
0.9595897
0.4813492
0.5693922
0.06494083
0.3332765
0.2246532
0.09504704
0.579844
0.3646945
0.8141189
1.210142
0.4603102
1.79824
0.388835
0.3122442
0.8308567
0.3208552
0.7310072
0.5488715
0.4796443
0.06479336
0.4257463
0.1753961
0.04328901
0.5520699
0.1688277
0.3076807
0.1440645
0.1936929
0.4891477
1.548553
0.1632038
0.7046385
0.1556797
0.60882
0.7664034
0.5176686
0.2227842
0.0201931
0.2880946
0.3406531
0.2593966
0.2397334
0.1973876
0.3460642
1.080837
1.680304
0.9676758
0.09538659
1.233555
1.330429
0.6852123
0.6595082
0.1019577
0.2269617
0.7860235
0.06961816
0.6243373
1.390376
0.08736758
1.153081
0.4543298
0.6236089
0.6473475
0.8909687
1.766373
0.3684694
0.5833552
0.6508881
0.3482471
0.1655334
0.5555992
0.3656586
0.3107821
1.022516
1.209765
1.1821
1.020881
0.1857629
1.472343
1.079794
0.9615144
0.7607408
0.06103218
0.128082
0.8102303
0.53125
1.189998
0.9760605
0.7711643
0.8142427
0.6522337
0.06862888
1.106369
0.101023
0.7161127
0.2410485
1.861693
0.4437691
1.553045
1.164636
0.2535563
0.5459609
0.4441487
0.2605314
0.7399953
0.09265786
1.699402
1.230523
0.8239353
0.1956659
0.1727118
1.216256
0.3888084
0.6066719
0.2523
0.6355039
1.026866
0.3215941
0.02851146
1.024884
0.1337181
0.0233637
0.4108806
1.075017
0.1359884
0.3599767
0.1010841
0.05072574
0.3033907
1.325446
0.6211652
0.4091982
0.4509963
0.04667498
0.3765699
1.472182
0.3691977
1.100112
0.8178235
0.1076153
0.006728253
0.1158554
0.5851309
0.5990397
0.5183042
0.1290913
1.217936
0.5563846
0.3710924
0.7714253
0.006636965
0.2870669
0.4351393
0.9261197
0.2300775
1.004349
0.8983754
0.7853693
1.657539
0.07675531
0.4945449
1.350472
0.09093836
0.3129185
0.3709539
0.5369606
1.136904
0.05777652
0.1069803
1.076768
0.7043871
1.486172
1.733484
1.227938
1.223524
0.387865
0.5495919
1.314619
0.1825123
1.412628
0.5036539
0.5381761
0.9738786
0.6881465
0.4933748
1.100877
0.9833497
0.8163591
0.3105824
0.09005293
0.536489
0.402574
0.6475313
0.3437221
0.1277649
0.4448097
0.3589741
0.2152346
0.7637598
0.1783944
1.027592
0.2291668
0.8564232
1.533301
0.4640696
0.6202634
0.04129519
0.581501
0.4481574
0.3642594
0.7211938
0.9699637
0.7066522
0.8531589
1.28827
1.531915
0.1523865
0.4495333
0.002312043
0.4791521
0.4465942
0.2634408
0.5555677
0.2392029
0.3146481
0.2660798
1.217678
0.1001441
0.822344
0.919589
0.08607573
1.218458
1.167268
1.69278
1.091925
0.03591054
1.382368
1.521536
1.703917
0.2270959
1.187381
0.5217294
1.429025
0.7459002
0.07663613
1.48972
0.05771012
1.720027
0.7467827
0.3672153
0.9481701
0.09313712
1.153696
1.858796
0.3879902
0.2001211
0.05398957
0.6846727
0.5405735
1.607926
0.3805699
0.3935721
0.5341712
1.532513
0.4752796
0.4530992
0.3701564
0.3778852
0.6403719
1.789192
0.1381151
0.8970425
0.08104257
0.4467271
1.086977
1.150513
0.04042594
0.0214035
0.2181829
0.06842171
0.2512211
0.06997081
0.7849718
0.4846507
1.388983
0.5400133
0.5904788
0.1088159
0.2595687
1.084715
0.0005647721
0.09131425
0.2862151
0.4067814
0.06676071
0.6102843
0.1671734
0.7593698
0.1581112
0.6054253
0.5484383
0.07628966
1.010697
0.5127639
0.8864502
0.2732824
1.643507
0.255264
0.2711799
0.5161769
0.2083152
0.07105815
0.52159
0.5216422
0.04027197
1.515626
1.206008
0.3737218
0.04124235
0.6596782
0.0157211
0.630556
1.09952
1.017387
0.1060597
0.2354992
1.508243
1.21741
0.2585212
0.03936793
1.517418
1.143356
0.4529108
0.7949426
0.08415933
0.4117554
0.7822546
0.6474987
0.9019809
0.1352995
0.1998113
0.7191573
0.766817
1.275785
0.7493723
0.1257872
0.5035407
1.1643
1.078483
0.2104663
0.07729627
0.495056
0.5437291
0.8128194
0.047045
0.2826691
0.3937189
0.9660033
0.9697097
1.298974
0.7873429
0.5248802
0.4528033
1.11121
0.1762905
0.1238394
1.160438
0.7627415
0.321451
0.1919481
0.8355021
0.009732974
0.931715
1.58927
0.6407445
0.5261383
0.6517684
0.7392197
0.007939064
1.560531
0.3699291
0.005337783
1.156211
0.04776342
0.04080418
0.6261523
0.3490682
0.2578587
0.9099307
1.040986
0.8782936
0.8839376
0.2149654
1.036439
1.11316
0.9606349
0.3445277
0.4086719
1.235241
0.180436
0.2118071
0.1814981
0.4534846
0.857032
0.3075745
0.2101393
0.005943373
1.219036
0.4237799
0.6489476
0.3876515
0.2391788
0.3478994
0.4626346
0.06120118
0.4333057
0.6364071
1.490066
0.1977227
0.6303353
0.6209367
0.6168248
1.09433
1.043052
0.808147
0.1849081
0.1356468
0.764069
1.19852
0.04143027
0.8883621
0.2379128
1.268301
1.197193
0.5436073
0.2574244
0.6208958
0.5335756
1.592257
0.8052925
0.7979496
1.247633
0.953043
0.7068265
0.5538139
0.9355812
0.5655946
0.3887804
0.1835906
0.6032091
1.48014
1.300275
0.2521262
0.491597
0.6233355
0.6910144
0.04461079
0.4531351
1.155162
0.7314407
1.012017
0.1644952
0.9619805
0.9728827
0.06780511
1.362529
1.490659
0.07799995
0.4916654
0.8606997
0.5032908
1.409599
0.6454041
0.08393382
0.326003
0.1870507
0.03102178
1.509731
1.176213
1.577638
1.29088
0.8372012
0.5893979
0.1001481
1.653864
1.696554
0.825899
0.6967507
0.09853866
0.6197736
1.220275
1.050376
0.5499842
0.4867079
0.8060644
1.59312
1.027919
0.3657568
0.06101838
0.065214
0.7585715
1.209207
1.337947
0.1861654
0.8007626
0.8807842
1.439615
0.1709255
0.06044797
0.2029557
0.2569095
0.2562991
1.669387
1.193807
0.3563012
0.9420035
0.141416
0.02585427
0.9774487
9.272036e-06
0.8505756
0.897967
0.3831671
0.4764663
0.7751664
0.3498773
1.415441
0.1827795
0.4863774
1.216998
0.1344425
1.340233
1.416276
0.44013
0.1915608
0.7615883
0.3529377
1.280904
0.4921564
1.79642
0.9305983
0.2265575
0.8276519
1.304977
1.741143
0.4988706
0.3783799
0.787537
0.04271805
0.3697919
1.205103
0.4270205
0.2355165
0.2186048
0.71941
0.3718359
0.6026154
0.2045852
1.541719
1.978331
0.09202146
0.4288073
0.7780757
1.408626
0.4181757
1.095373
1.322518
0.1666082
0.3297695
0.7351815
1.114918
1.402142
0.1854286
1.474488
0.7600054
0.01352536
0.4652492
0.6456397
1.395765
0.1536221
0.5003205
0.2578345
0.8722964
0.6210075
0.905916
0.5942616
0.1272605
0.04938375
0.3573514
0.3692652
0.9630504
0.3684956
0.2289053
0.4963699
0.3982515
0.3868976
0.3248766
1.169723
1.028091
0.001537422
0.5308844
1.208329
0.5618419
0.2953435
0.1801193
0.9958837
0.7615976
0.9387356
0.9984649
0.7687719
0.2422276
0.9080629
0.8326894
1.04828
1.184559
0.5481848
0.1244888
0.264804
0.009305316
0.09104569
1.487126
0.6923397
0.9243428
0.1699227
1.68398
0.4120871
1.902132
0.1723525
0.7332735
1.228387
1.195465
0.04102338
0.677656
0.8927708
1.049881
0.9812967
0.4902011
1.036667
1.487745
0.1221508
0.621884
1.355097
0.03387572
0.879055
0.05874726
0.2238093
0.821791
0.3814101
0.8354061
0.3375466
0.8034508
0.8465631
0.3647418
0.4724299
0.8508539
0.2677718
0.7930052
0.1721764
0.2780182
0.6156317
0.6045297
0.4069553
1.09138
1.945159
1.755632
0.4142085
0.4276915
1.33439
0.1168228
0.4519803
1.26829
1.524804
0.4424237
0.886624
0.5340444
0.68589
0.2977946
1.002164
0.1668673
0.5960425
0.1920209
0.4013273
0.1654833
0.8003223
0.7770688
0.809047
1.563508
0.5331676
0.7325163
0.03401731
0.9671958
0.527237
0.09342891
0.1945589
1.057593
1.513426
1.079866
0.6578808
0.2565835
0.5886021
0.4154613
0.6624152
0.2030333
0.2843362
0.759391
0.5789918
1.052567
1.288577
0.4566277
1.319012
0.3670905
0.5064416
0.380255
1.136759
1.632789
0.3791523
1.010006
0.2001124
0.03495183
0.8312783
0.8052661
1.21362
0.3020031
1.63767
0.780346
1.811303
0.6816098
0.5628461
0.8396014
1.550204
0.00900346
0.2978449
0.09937789
1.013463
0.04348036
0.2077705
0.384232
1.30485
0.1148604
0.2204578
1.258876
1.119478
1.024297
0.7054862
1.928398
0.8472631
0.2541096
1.240802
0.9927268
0.7757308
0.8208712
0.3957113
0.1378574
0.7290397
0.9292251
0.5264624
0.1993837
0.7131474
0.1037147
1.518342
0.4564886
1.289513
1.466227
0.6219597
0.4481578
1.359279
1.398658
1.429746
0.5369662
0.4668593
0.4311022
0.4764768
0.6897027
1.068754
1.035033
1.361627
0.7335407
0.03757129
0.6737044
0.8794391
0.6627689
0.7577231
1.352523
0.009473022
0.2280685
0.2845464
0.3603397
0.9663399
1.726005
0.8944329
1.083688
0.9146036
0.2259653
1.796317
0.1512571
0.07546622
0.73571
0.3626686
0.6946897
0.4491199
0.2437752
0.003055251
1.177096
0.03087396
0.3969033
0.6738695
0.6848099
0.9742071
0.4415459
0.6992503
0.5192438
0.080926
1.249955
0.3611676
0.825254
0.6875801
1.115495
0.6958943
0.46761
1.229399
0.6586253
0.5904349
0.2940599
1.007528
0.6212103
1.169754
1.339883
0.4961871
0.3489879
0.7917235
1.734432
0.1110812
0.01373158
0.9592908
0.3280024
0.2557964
0.4706132
0.2987055
1.767027
0.2573181
1.540463
0.4741291
0.01362411
1.636582
0.1254783
0.1287132
0.9338987
0.455016
1.358466
0.8458122
0.08725118
0.2897387
0.2640097
0.6226943
1.756001
1.404404
0.2597746
0.5815813
0.7209066
0.2175988
1.206692
1.346519
0.2177833
0.4398701
0.08359863
1.145501
1.070993
0.6509879
0.1723226
0.2550258
1.601499
0.7386679
0.4940017
1.507034
0.2012419
1.727045
0.2065959
0.7068004
0.8514201
0.7981234
0.1576816
0.5582859
0.2621282
1.662197
0.7368059
0.8304413
0.1977217
0.1385515
0.1315417
1.133993
1.902855
0.8142832
1.235553
0.1833284
0.5562122
0.3004097
0.5838704
1.201764
0.6680014
1.612578
0.02124909
0.09760875
0.04437995
0.2901798
1.198176
0.3977566
0.539689
1.006343
0.3410752
0.3560903
0.8027777
0.1641556
0.1637724
0.9189998
0.2625817
1.126834
0.235354
0.3177635
1.188776
0.4296465
0.7448888
0.117769
1.595551
0.7666343
0.4672167
0.8858702
0.65081
0.1327014
0.4380754
1.136898
0.367378
0.6034029
0.1520158
0.7472609
1.00988
0.5369422
0.1206387
0.09100213
0.13929
0.1918574
0.7387922
0.3827875
1.159279
0.134313
0.3965515
0.3002038
0.4661109
0.2257381
0.2115329
0.3626427
0.9548519
0.004607373
1.306904
0.531959
1.355878
0.3140124
0.4145732
0.6047313
1.252484
0.8917941
0.8695187
0.344761
0.6225699
0.08103286
0.005620876
1.031515
0.6142186
0.03096726
0.764773
0.4924556
1.169421
1.3063
0.1496476
0.384727
0.1255733
0.8152025
0.5482947
1.166129
0.7049838
0.6773562
1.29964
1.414185
0.1637357
1.090434
0.8526163
1.114903
1.002139
0.08825262
0.4150347
0.3461077
0.1529263
0.2099982
0.2122352
0.1203537
1.288369
1.020155
0.1136752
1.061139
0.9869984
1.354575
0.06429655
1.360531
0.4470156
0.5085404
1.517324
0.3680207
1.195326
0.5830118
0.1885183
0.5651245
1.455546
0.4075193
1.395076
0.1069526
0.8299461
0.6194933
0.2460253
0.3854331
0.6844568
0.6740006
0.3353842
1.15268
0.8606949
0.354308
0.3598682
1.126788
0.97582
0.6114903
0.8835449
0.3921405
0.03062703
1.630525
0.8169942
0.07962368
0.2562561
1.084392
0.4092892
1.103091
0.5768842
0.748697
0.6181677
0.2956023
1.039301
0.6992157
0.6506902
0.05616974
1.618956
0.6966914
0.6088442
0.7995977
0.3028248
1.254345
1.080923
0.1583338
0.6392832
1.283828
0.6877801
1.108871
0.2962295
0.9310709
1.130516
0.08569387
0.4340097
0.1149477
0.07977022
0.05595058
0.8706942
0.1641894
0.007853701
1.136527
1.49091
1.265717
0.3186299
0.1929508
0.1738901
0.7127951
1.088442
0.3693599
0.7651209
0.5834405
0.7647281
0.08312978
0.5720016
0.7435431
0.06624759
1.251274
1.371484
0.5005412
0.1111253
1.0872
0.6402897
0.7772056
1.395279
1.583393
0.3752793
0.18308
1.359914
0.6533781
0.4074598
1.779523
0.9246348
1.502777
1.215218
0.136067
0.06085938
0.1102025
0.6421542
0.1459097
0.9404324
0.2104516
0.4764286
1.411631
0.87928
1.654794
0.6054896
0.4945686
0.5483949
0.4580966
1.6577
0.8920604
0.4691112
0.03615042
1.377763
0.6081821
0.8347133
1.226112
1.599471
0.8464408
0.1496238
1.400508
0.4209442
0.01137275
0.1102775
0.05989711
0.3358077
0.7866582
0.08662321
0.2370938
0.9062947
0.2723471
0.9941118
0.8396681
1.063813
0.6239026
0.2065726
0.6001548
0.437442
0.08869323
0.8643405
1.314996
0.6594305
0.8754467
1.248859
0.9690867
0.002614274
0.2973497
0.626561
0.5438551
0.9686026
0.06956115
0.63315
0.684129
0.7562223
0.6226816
0.183392
0.4590034
0.3660985
1.196344
0.2484175
1.082097
1.049271
1.452621
0.7298813
0.2224418
0.1125887
1.182782
0.291598
0.2375373
0.6991846
0.1191343
0.4975161
0.2512576
0.718747
1.175744
0.6897259
0.7271235
1.313419
0.4314991
0.444036
0.8225601
0.504404
1.01959
1.007547
0.4689094
1.009998
0.3958743
0.02477719
0.7557229
0.4401993
1.545043
0.6636557
0.4402314
0.4972994
0.5765087
0.145124
1.266739
1.456878
1.199715
0.08491715
0.389317
0.2354392
0.1514026
1.517612
1.236442
0.1011377
1.139685
0.8919852
0.02957971
1.405972
0.4525356
0.04952078
0.2604338
0.4521746
1.309091
0.1855681
1.591403
0.5703565
0.2074106
1.313829
0.6582995
0.1202455
0.1034032
0.4094716
1.735134
0.3779216
0.4291868
0.8720525
0.3044392
0.06147074
0.4284788
0.4913213
0.3366363
0.4851795
0.07552702
1.111596
1.347509
0.7514414
1.115474
1.315533
0.3019054
0.3431744
0.4495065
0.9436232
0.007109805
1.544751
0.4564685
0.4256564
0.9357793
0.1913906
0.04722609
0.8570978
0.7765402
0.6695405
0.1197827
1.456937
0.04990022
0.3778144
0.1190803
0.2402771
0.703845
0.07378718
0.08234538
0.0461388
0.3400058
0.3681586
0.915144
0.6771411
0.7294138
0.5520249
0.6617113
0.07104309
0.7310688
0.8563673
1.237222
0.110245
0.705325
1.485318
1.320079
0.3707369
0.4586082
0.4360771
1.131886
1.553976
0.686569
0.7539752
1.086045
0.3148702
0.3904958
0.466868
0.8414638
0.3994245
1.608705
1.443988
1.132945
1.021302
0.4352938
0.937754
1.751414
0.4393784
0.06814992
0.03121232
0.2398577
0.02208315
1.155806
0.483474
0.5763718
0.3246836
0.5420289
1.261054
0.5481298
0.7299547
0.4056205
0.5560939
0.2535415
0.006405451
0.368932
0.9317881
1.561661
0.269349
0.08692084
0.285483
0.7957591
0.5409283
1.604014
0.310039
1.483263
1.165204
0.2805502
0.6857899
0.7258876
0.3724002
0.9596509
0.7085996
0.1626866
1.009106
0.3315977
1.064508
0.4932798
0.2288759
0.1574805
1.701295
1.080738
0.03611505
0.4130752
0.8702284
0.8945881
1.276923
1.659654
1.267191
1.151509
1.118388
0.3757757
1.328439
0.03248031
0.08756585
1.639979
0.1538023
0.8123479
0.6156118
0.9104909
0.2107302
1.609075
0.373241
0.8823027
0.0419548
0.1948248
1.556549
0.7158633
1.024107
0.8748537
0.4239629
0.8712688
1.157698
1.056224
0.3497777
0.3529197
0.5495224
0.09434504
0.1008376
0.6974383
1.144079
0.5806867
0.661446
1.184
1.057489
1.239278
1.131382
0.724316
0.08612023
1.61319
0.06410976
0.4625214
1.299807
0.02746701
0.3188783
1.583573
0.1373186
1.270735
0.2144343
0.5053095
0.9573092
1.020288
0.1771785
0.2278404
0.5916305
1.440345
0.4768569
0.807098
1.401024
0.5162244
0.3232044
0.5471079
0.431645
0.5624526
0.7646198
0.3452618
0.6487892
0.001600735
0.5624847
0.8278299
0.004792916
0.1012186
0.2345156
0.88949
1.123969
0.9172184
0.1673981
0.3195878
0.1523809
1.42308
1.476212
0.6048325
1.428855
1.501854
0.002673839
0.0569913
0.7325281
1.390689
1.362452
0.7323998
1.087578
0.5918837
0.2987092
0.6145109
0.4246117
0.6360178
0.9492332
1.546104
1.180917
0.804094
0.9220873
0.09483537
0.1127221
0.8947134
0.08060328
0.1630244
0.4236784
0.1460186
0.3583335
1.030717
1.469469
0.3464088
0.7556609
0.2021468
0.4272037
0.9598839
0.3717043
0.2577792
0.3236022
0.993454
0.5989938
1.018594
1.144396
1.377342
0.249572
0.01112323
1.59281
0.9033773
0.2109748
0.4015462
0.5906273
0.2060825
1.945865
0.066092
1.408424
