0.4537345
0.4415798
0.9373412
0.4701314
0.8764931
0.8181044
0.7540742
0.748101
0.03981006
0.5242724
1.085695
0.5427927
1.801149
0.514589
0.07484323
0.455719
0.8466738
0.868202
0.1645531
0.7841917
1.081133
0.9753738
0.2704971
1.555998
0.6706706
0.4588241
0.8141183
0.609762
0.4682169
0.1754951
0.438977
0.1892167
0.9788989
0.07696436
0.1577894
0.7355744
1.29883
0.7166283
0.5405444
0.6107287
1.060149
0.005088805
0.8819167
0.397988
0.1449847
0.09386431
1.582868
0.575965
0.128371
1.321414
0.05191517
1.093464
1.134436
0.4185605
0.3013696
0.0400594
0.1000567
0.740284
0.9661447
0.07498586
0.5531646
0.1527622
1.019924
0.2096445
0.1073722
0.1452228
1.322964
1.100153
0.7420445
0.981294
0.7240934
0.01442611
1.023199
1.982654
0.3752808
0.3805267
0.239769
1.257337
0.1940529
0.1144224
0.4318374
0.7527984
0.2230007
0.6323497
0.8952207
0.5818408
0.9201947
0.8678826
0.7472766
0.6523895
0.2676223
1.342759
0.01176036
1.600971
1.723284
0.5972921
0.5574274
0.867811
1.110837
0.5542491
1.312248
1.102622
1.645755
1.274236
1.491776
1.519475
0.5037491
0.4321204
1.105883
1.135967
0.1317605
0.7578143
0.3195107
0.3444379
1.437533
0.5646776
0.9913053
0.9762823
0.01058283
0.1271709
0.1634161
0.07495767
0.1806992
0.5644271
1.103955
0.9659446
0.9412355
1.326709
0.2026863
0.2719332
0.7236271
0.496415
0.7272615
1.640834
0.8507054
0.5625245
1.33453
0.6533362
0.0550942
0.5553895
0.4311551
0.6683119
0.9564488
0.9294404
1.345446
0.9961538
0.4924776
0.8523544
0.4346546
1.642473
0.4625828
0.5509708
0.2058927
0.7503695
0.4481041
1.178483
0.6521923
0.314575
1.068456
0.1621146
1.709218
0.5480447
0.0014433
0.5345045
1.71462
1.042336
0.06208332
0.5849308
1.66757
0.428518
0.780357
0.7228015
1.073467
0.6174223
0.4753558
0.04303149
0.797527
1.055715
1.751212
0.4212107
0.08540045
0.4184843
0.2639614
1.582312
1.115178
0.6276653
0.4726812
0.2574481
1.390126
0.2220992
0.3298116
0.0981267
0.6722186
0.1072777
0.9887884
1.568401
0.4157414
0.6546321
1.128591
0.05166229
0.04909644
0.6710388
0.4319991
0.6315432
1.511405
1.073632
0.4474813
0.2397891
1.140147
0.6078968
0.6594367
1.19241
0.05985212
0.8184054
0.7715964
0.9627433
0.387854
0.5482658
0.3054642
1.18312
1.9179
0.4685361
0.7958619
0.8878489
1.107025
1.496818
0.4328772
1.504683
0.1544977
0.8764716
0.2508138
0.2634498
0.136711
0.2984729
1.447179
0.8734461
0.8866309
0.9533351
1.099357
0.4911518
0.5733373
1.069008
0.213356
0.1521343
0.7710293
0.1638655
0.4512346
0.4930059
0.6730499
0.006717471
0.4200943
0.8379099
0.1288871
1.142266
1.235794
0.07633468
0.9722442
0.6517682
1.189758
0.4049528
0.5153326
1.110008
0.3952591
0.7133019
1.136518
0.09169462
0.09952825
0.6235776
0.3519188
0.02736979
1.176965
0.01493222
1.150821
0.03797061
1.254752
1.116001
0.1287134
1.295818
0.2140641
0.5358796
0.2501048
0.6531786
0.03584619
1.313696
0.2016341
1.140126
0.8367607
1.174463
0.5324981
0.452598
0.4905538
0.4710871
0.5164105
0.6612282
0.7696322
0.006755594
0.198135
0.7044402
0.1726512
0.6924145
0.1371577
0.123925
0.9311707
0.9759589
1.331029
0.6350411
0.5390562
1.392966
0.5815672
0.6189041
0.2532455
0.7198791
0.7316022
1.612529
1.120863
0.2795855
0.07436303
0.5901172
1.152141
0.8450352
0.3579481
0.2154608
0.661897
1.071925
0.4940682
0.6374065
0.5083531
0.07623217
0.685503
0.006366293
0.9500512
0.3748666
0.3597935
0.9622194
0.8557015
1.496629
0.4755708
0.6573364
0.45531
0.7584651
0.2737742
1.807154
0.6903609
0.6498077
0.353985
0.4009117
1.766157
0.9319824
0.3840372
0.4529577
0.7669957
1.12401
1.845623
1.144826
1.016132
0.1337787
0.03672138
0.1998095
0.06749247
1.382168
0.9465629
0.1265594
1.057343
0.7801376
0.7717754
0.9656855
0.0219977
0.06253446
0.550334
1.014353
0.02399495
0.1684558
0.04490446
1.209277
1.079571
0.1938124
0.9774677
0.01034601
0.5795821
0.01357072
1.566193
0.06679508
0.7351173
0.9239168
0.2869674
0.2763078
0.04114679
1.415996
0.06776812
0.4263309
0.1601676
0.7218231
0.02627606
0.7135609
0.299423
1.339494
0.09357202
0.6352219
0.7490053
0.5104058
0.6526971
0.552382
1.468837
0.09215418
1.086293
0.1249986
0.9201543
1.423693
0.2436849
0.9824594
0.7054551
1.258865
1.063647
0.2926084
0.2645207
0.09765943
1.007724
0.1285133
0.2698771
0.5349649
1.023009
0.3663598
0.2042868
0.35494
0.4149289
1.583792
0.4599736
0.2382509
0.8113309
0.2574713
0.666502
0.7011091
0.3788878
0.2629048
0.01884603
1.19361
0.6676397
0.2671297
0.5384663
1.071676
0.3651682
0.9092172
0.4493424
0.6963637
0.3408361
0.7002124
1.324814
1.273685
1.222773
0.576794
0.01816623
0.7673722
1.160613
0.76926
0.9489394
0.6162583
0.1974493
1.34173
0.1507147
0.2269175
1.151519
0.1159601
0.9534763
0.7104177
0.5774169
1.758644
0.05783027
0.6997225
1.379416
0.1126129
0.4503797
0.1523217
0.114159
1.282702
0.0977979
1.088802
0.9998201
0.626755
0.05474568
0.6724513
0.07412909
1.910334
0.3911265
0.9006716
1.184442
0.3282945
0.8815527
0.7692797
0.3652876
0.1914536
0.8453639
0.2195601
1.375601
0.4883822
0.2200442
0.9543049
1.151689
0.009199318
0.8481228
0.9366217
1.223913
0.3031925
0.1963715
1.223505
0.8151696
1.194807
1.679212
0.1914001
0.2469137
0.2068987
0.3783812
0.5840404
0.5145095
0.8772596
1.191984
0.9669052
0.6515902
0.3613709
0.2270936
0.6201834
0.5897404
0.5271548
0.9656955
0.02723306
0.9624446
0.3792437
1.415584
1.265557
0.1703105
0.5312582
0.6028167
0.998999
0.1505643
1.235131
0.5226849
0.1663337
1.071837
1.458844
0.5939335
0.4914251
0.8204552
0.3543808
0.4949405
0.8971041
0.05170839
0.1649683
0.2125535
0.8609236
0.4993428
0.01006469
1.407868
0.3063985
0.7392613
0.363901
0.1452438
0.2208076
0.9046494
0.4554751
0.288878
0.5779388
0.8561593
0.6225575
0.3429311
1.148673
0.1746998
0.9601707
0.05858625
0.6344206
0.4833998
1.373633
0.7410454
0.1316266
0.6917528
0.5952398
0.2341233
0.3885426
1.007603
0.335851
0.8613577
0.8258721
0.7897583
0.5219594
0.1619173
0.1062777
0.4446269
0.0571994
0.2429633
0.1117981
0.2530993
0.5901603
0.06944856
0.1212068
0.7333586
0.4601461
0.4945102
0.0176453
0.01022409
1.100844
1.82113
0.6238153
1.840254
0.7320151
0.7473766
1.030168
0.3752189
1.290461
0.7465236
0.1171495
0.03005536
0.9502154
0.9781364
0.9427616
0.2062187
0.07313164
1.179843
0.6258629
0.1806544
1.223874
0.6002344
0.3562155
1.499802
1.407547
1.074132
0.09351615
1.071127
1.450862
0.7686747
1.621978
0.09323132
0.03844263
1.312929
0.8859516
0.2393057
0.2147142
1.444776
1.106663
1.566118
0.5899644
0.110243
0.2148311
0.4188472
1.518428
1.824874
0.3895579
0.3131451
1.025988
0.2315055
0.7204094
0.3162282
0.1997175
0.1511813
0.1174201
0.6837732
1.101265
1.159869
0.8208505
0.9149597
0.7873541
0.06494471
0.2410705
0.1076316
1.332391
0.3945513
0.4319435
1.128589
0.7044582
0.4643071
0.6343714
0.1499322
0.4328866
0.9950054
0.5000452
0.3952883
0.8888102
0.4823741
0.01489893
0.1965907
0.08928309
0.5784885
0.1486935
0.7589665
0.6382603
1.000164
0.4750408
1.3281
0.9990668
0.7823329
0.92923
0.472075
0.5232752
1.001844
1.005864
1.084162
0.1892555
0.3772303
0.3932186
0.01169275
0.06405718
1.544105
0.5394513
1.295018
0.5880545
1.214494
0.5855626
0.7860038
0.3952368
0.9242923
0.7710231
0.5059708
0.450107
1.219109
0.7551699
0.9505333
0.5300024
0.4707725
1.41893
0.06087236
0.08803893
1.225328
0.6958742
0.8164456
0.1861298
0.346189
0.7169123
0.8022642
1.331759
0.2638885
1.318341
0.1744178
0.1269237
0.3988133
0.1209063
0.7584594
1.481146
0.9117166
0.398972
0.7957386
0.1117225
1.552313
1.078128
0.890318
1.351894
0.7960664
0.601462
0.1483386
0.7629373
0.7678201
1.086142
0.2421822
0.7734393
0.6622601
0.6517517
0.3751819
1.419746
1.204457
0.001371734
1.344499
0.439189
0.6404022
0.6111507
0.6059163
0.4848444
0.9230014
0.4774617
0.0378533
0.08858035
1.493053
0.6323008
1.092504
0.8657534
0.1412262
0.2236033
0.2859378
1.158328
0.237199
0.4811851
0.4193678
0.8128109
1.035992
0.6025521
0.3050977
1.343165
0.3647353
1.645462
0.644109
1.47619
0.3682219
1.124928
0.5664582
1.527038
0.3296565
0.1492773
0.6512092
1.723202
0.7374737
0.7373886
0.4453737
1.383836
1.077654
1.145536
0.3209702
0.4123321
0.3414772
0.4335073
0.6722199
1.011613
0.649006
1.675251
0.8874663
0.967649
0.9317451
1.043666
1.676635
0.5356989
0.5663566
0.4617687
0.8651128
0.09072753
1.115335
0.4970493
0.7533625
0.6915375
0.9056961
1.387161
0.9650555
0.3310491
0.1502979
0.4697438
0.5652799
0.5536103
1.206899
0.713071
0.3328394
0.1076611
0.7250006
1.58201
0.4126872
0.2797687
0.7335899
0.9328925
1.313723
0.5505915
1.320468
0.2956741
1.249769
0.3890817
0.1947787
0.5411021
0.1313676
0.9028363
0.9828403
1.46355
0.1453961
1.008437
0.8327471
0.6143373
1.178304
1.495668
0.4071767
0.7689153
1.891629
0.5498518
0.1272742
0.7261541
0.06228224
0.9386465
0.1489346
0.3498472
0.2389241
0.4319716
0.3453222
0.1283592
1.071504
0.3587897
0.2531996
0.8159061
0.07112852
1.295157
0.7168063
0.3729938
1.093552
1.660582
1.228615
0.03413792
0.833224
0.1185632
1.163573
1.503262
0.864994
0.3057112
0.664158
0.9903288
0.5315297
1.605496
0.3999829
0.4709332
1.026676
0.05033653
0.8304641
0.5379603
0.5663759
0.3153678
0.1331447
0.1607761
0.9913283
0.225898
0.0281589
0.9496631
1.512665
0.7163693
0.4914592
0.5264376
0.695297
0.2196232
0.860233
1.157468
1.288529
0.8743188
1.003189
0.1738447
0.02753434
0.1708558
0.2639632
1.573601
0.4081211
0.3697754
0.1430612
0.7405846
1.166195
0.1150584
0.7216063
1.008535
0.2288612
0.1514416
1.545365
0.5582081
0.6356123
0.1127573
1.1611
1.289464
0.09395962
0.9329164
0.9057295
1.271277
1.222584
0.8512268
0.3500632
0.600919
0.1277031
0.1496782
1.173486
1.053012
0.9609863
0.02978627
0.2254638
0.4426506
1.000804
0.002507619
0.521906
0.4624638
0.1347021
1.159647
1.097337
0.9008724
0.03550061
1.676324
0.2267452
1.484637
0.06794793
1.789553
0.05941941
0.6075221
0.2919039
0.1059407
0.02921397
1.169585
1.036122
0.3779847
0.3161331
0.2807451
1.52713
0.01477966
0.1931937
0.1918771
0.5487588
0.8111947
0.5522401
0.57407
1.084793
1.254009
0.2244538
1.511968
0.6574819
1.576021
0.1095438
0.4259582
0.9022808
0.558413
0.4765802
0.3669675
1.42817
0.4619447
1.054835
1.504456
1.272635
0.4817506
0.9830857
0.5592004
1.564996
0.6842792
0.7740247
0.6519705
1.225429
1.430447
0.5050803
0.1528182
0.1386935
0.3056612
0.1283058
0.8925261
0.4789881
1.135083
0.8797758
0.2016589
0.7076107
0.2904519
0.1655376
1.174983
0.959856
0.5886814
0.5686418
1.147425
1.566084
0.2477888
0.4896128
1.642156
1.14451
0.9836299
0.7425581
0.7480084
0.4835321
0.5321971
0.2582572
0.779901
0.6538341
0.5459829
0.2169463
0.9476467
0.3209569
1.396831
0.3314694
0.965482
0.1627283
0.7895727
0.1156438
0.2072362
0.6734859
1.60207
0.5775265
0.8186075
0.5439598
0.08741423
0.5694547
0.8029542
1.048576
0.1240319
0.8151987
1.332936
0.5193141
1.408278
0.1762131
0.2376375
1.195582
0.8738178
1.081931
0.1091024
0.06502081
0.3196864
1.195113
0.0711767
1.428691
1.079499
0.8220341
1.033737
0.08375332
0.7453559
0.615575
0.2891508
0.3413173
0.08407411
1.37637
0.1549383
0.5572414
0.09004386
1.091395
0.2213216
0.3318068
0.5750764
0.1155854
0.7182606
0.4250641
0.1403991
0.5057127
1.027355
0.6798922
0.03288151
0.2895159
0.4890062
0.3164734
0.7336913
0.5602968
0.2554341
0.989646
0.2629146
0.4193431
0.2228239
0.9612661
0.8641526
0.9259353
0.3652295
1.182294
0.4143144
0.1648682
1.407849
0.239128
0.2781562
1.374899
1.57687
0.9024343
0.8935215
1.335205
0.3662724
0.8128745
0.8533221
0.6149061
0.7703982
1.565663
0.6492087
1.596614
0.4840075
0.25017
0.0288492
1.53996
0.1551203
1.830167
0.06987161
0.5322896
0.5612668
0.4055643
0.9884774
0.8340188
0.08079464
0.8183997
0.6794033
0.3378353
0.5203611
1.009121
0.4873114
1.139687
0.5087771
0.8345011
0.9337332
1.336321
0.060226
0.3046896
1.252568
1.151335
1.164096
0.2245113
0.4433824
0.1912975
0.2533464
1.532012
1.254025
0.2606103
1.424214
0.0923917
0.6110049
0.09215278
1.289
0.4077909
0.9596664
0.6780685
0.7855085
0.02075846
0.2384054
0.691717
0.06182211
0.160593
0.2916844
0.885144
1.09186
0.1045685
0.6759855
0.129159
0.1694957
0.7447851
0.498344
0.5197145
1.104692
1.489593
1.071959
0.07267602
1.215227
1.019048
0.7956341
0.2810541
1.041777
0.4269952
0.6871545
0.5947901
1.089638
0.4393777
0.2448368
0.5829756
0.4300899
0.8813105
1.399823
0.3319952
1.242981
0.6248591
0.7489611
0.04112215
1.050669
1.747227
1.336893
1.55471
0.5119512
1.015536
0.7259432
0.8715186
0.6650466
0.9821102
0.5860282
0.515906
1.006721
0.202388
0.5821064
0.7596817
0.6479365
0.6459741
0.2121055
0.3161217
1.724553
0.07810829
1.275313
0.5988116
0.6070423
1.300695
1.892044
0.9455914
0.4592925
0.02800943
0.2692069
0.6748504
0.4688657
1.020755
0.05443783
0.508763
0.4263987
0.3600789
1.182783
0.6999462
0.7274245
0.1360656
0.9941298
1.10546
1.489083
0.1509166
1.201895
0.4070193
1.358608
0.5493359
0.4185311
0.7047815
0.814134
0.4972188
0.3180835
0.7030896
0.3077889
0.004200413
1.135811
1.982682
0.8145112
0.5258075
0.8053808
0.3672732
0.1556054
1.135644
0.5831945
0.2123097
1.464639
1.619561
1.608215
1.131799
0.3892102
0.6706552
0.3485989
0.8711376
0.6978625
1.445347
1.054694
0.41949
0.5757837
0.855998
1.692524
1.607376
1.471492
0.8163529
0.9891851
0.194878
0.3822918
0.8670512
0.5761903
1.092986
0.8076957
0.289339
0.3160265
0.7077877
0.2305046
0.2630898
1.057869
0.07435954
0.7751686
1.088233
0.415433
0.04005626
0.4902836
0.5912846
0.3626937
0.4807993
0.02475441
0.7530975
1.079965
0.632149
0.6713605
1.46886
1.278712
1.379867
0.05197306
0.1170074
0.9441784
1.184381
0.1351038
0.7250897
0.06298295
1.574172
1.277314
0.2269837
0.4812244
0.8243665
1.03372
0.9655701
1.719271
0.7201628
0.01328873
0.05785486
1.394024
0.5395342
0.2940361
0.4513025
0.9284498
0.01255742
0.1409678
0.8321039
1.375389
1.484884
0.3180453
0.05065448
0.08226087
0.5746513
0.8216253
1.494473
1.322209
0.4049917
0.4089255
0.2960251
0.1417461
1.472586
1.685233
1.257601
0.7250992
1.236042
0.07672388
1.080155
0.1830277
1.13133
0.08284646
0.3939665
0.9752868
1.03575
0.4593017
0.8891171
0.7642771
1.578773
0.7781542
1.520433
1.025818
1.177498
0.4579755
0.4485935
0.2328602
0.4411602
1.019851
0.6076969
0.1197597
0.1228796
0.9446432
0.08100586
1.561693
0.3350767
1.235618
0.4526263
0.01155669
1.015229
0.5937526
1.07328
0.65773
0.188718
0.2400243
1.345908
0.4788963
0.02217246
1.106588
0.5987632
0.544306
0.5767623
1.233358
0.02448505
0.01178152
0.2737701
1.498986
0.4759691
0.821146
0.8267234
1.280707
0.5447858
0.6720249
0.8934332
1.260059
1.041692
0.3475413
0.03713131
0.6851531
1.102352
0.6797093
1.647825
0.6511025
0.191137
0.2257104
0.4312426
0.1826158
0.8042103
1.633992
0.3071071
1.802103
0.8888109
1.791128
0.2640625
1.420814
0.2631944
0.115097
0.3291375
0.6477557
0.722813
0.7804383
1.141702
0.9200487
0.4495457
0.06645042
0.7062991
0.2055805
0.3722806
0.8699486
1.653692
0.5238666
0.2152393
0.8895971
1.665346
0.767379
1.189585
0.1279916
1.497084
0.82777
0.2100055
0.2891676
0.7913672
0.6734497
0.1049711
0.444837
1.587853
0.9420831
0.2284975
0.996857
0.5717059
1.477359
1.571108
0.5690636
1.214571
0.7741269
1.644809
1.713113
0.03407398
0.2070251
1.41334
1.720727
1.46215
0.3767245
1.279946
0.4245786
0.1583933
0.08316159
1.514883
0.1459545
0.1066336
0.01788119
0.6693102
0.2982513
1.326713
0.2922426
0.3684639
1.190001
0.3233951
0.7268646
0.2053318
0.5148608
1.110532
0.6053121
0.1662123
1.795238
0.01035985
0.5737372
0.6381722
0.3535996
0.7589695
1.060433
0.08485755
0.3424637
0.07933139
0.2078602
0.4667708
0.8421534
1.69251
1.544745
0.08027213
0.5473025
0.01484689
1.054448
1.419997
1.175039
0.8909875
0.5459242
0.3300955
0.708669
1.127548
0.8438858
0.04786305
0.5953851
0.04706735
0.5545164
0.6769868
1.667442
0.8482225
1.114486
0.9643292
0.5415048
0.3974298
0.01591617
1.329637
0.5961267
1.374868
0.1305921
1.540582
0.995317
0.800029
0.5164836
1.708271
1.135093
0.1189972
0.8080908
1.871604
0.2629988
0.2591738
0.009351481
0.577248
0.06177882
0.336793
0.1462777
1.223251
0.900527
0.3644879
0.2811788
0.495157
1.433585
1.022376
0.8866868
0.2199324
0.9947234
0.6210279
0.4223991
0.4719427
0.3996846
0.8247667
1.081139
0.2459652
0.1845212
0.06053305
1.280392
0.8246026
0.4807976
0.130377
0.397204
1.315812
0.2302597
0.7100095
1.080633
0.6958121
0.1021686
0.1580879
0.2455097
0.410761
0.4860427
0.3083128
1.317082
0.6833334
0.2758996
0.0124243
1.329599
0.2872394
0.9420834
0.2722329
0.09357852
0.2190471
0.8557582
0.005204366
0.3358383
1.750334
0.2494687
1.462314
0.7757198
1.275429
0.06693839
0.2706602
1.3853
0.01160582
0.6961755
0.8515934
0.6498072
0.1157473
0.02928126
0.2228274
1.417473
0.3377996
0.1521538
0.5162032
1.706669
0.4389599
1.641451
0.9287583
0.2548217
0.6170832
0.05263761
1.710134
1.335386
1.190594
0.137432
0.799603
0.9410144
0.6065169
0.528498
0.5837551
0.6865923
0.71941
1.466202
0.2919788
0.4646338
1.034295
1.19909
0.7160025
0.5568833
0.9673179
0.5724122
0.3938535
0.341386
0.02991778
0.06031678
1.094851
0.6813873
1.446487
0.8571365
1.164657
0.1861604
0.8979662
1.051052
0.0898927
0.8851569
1.675747
0.614974
1.432385
1.190829
0.1571346
0.7323979
1.146803
0.385067
0.2019513
0.020546
1.261063
0.3331723
0.9442966
0.1797093
1.225759
0.7629087
1.302654
0.1808288
0.6035313
0.2874204
0.6025125
1.604363
0.7971667
0.7020033
0.661746
0.3646465
0.9788657
0.6590756
1.578481
0.3477135
0.2365042
0.3578948
0.2028137
0.1722515
0.499815
1.042071
0.7530681
0.3943139
0.9189079
1.055258
1.002507
0.1509736
0.2239027
0.3610198
0.6828471
0.04055103
1.833842
1.721604
0.6222509
0.0493782
0.4924344
0.4446252
0.4419248
0.7842439
1.446156
0.4724192
0.1230424
0.712327
0.7670304
0.3342507
0.6260269
0.2187076
0.6121568
0.865844
1.787055
0.2217304
0.4055296
0.01484552
1.153183
1.666766
0.1355062
0.4234599
0.1245127
0.04534329
1.395372
1.410693
0.89161
1.097958
1.071814
0.3874801
0.5684078
0.3030268
0.9625577
0.1579976
1.241788
0.5581478
0.5933384
1.53979
0.7581329
0.02502955
0.7594306
0.3744815
1.096218
1.173387
1.158317
0.6322655
0.3485858
0.1314394
0.6467254
0.9610979
0.2293393
0.1280594
0.1401652
1.045362
0.3462464
0.9073828
0.6530841
0.02893408
0.09850135
0.740424
1.66523
1.158014
0.417376
0.1424977
0.7084665
0.7603409
0.9261835
1.163479
0.4083699
0.1842918
0.1684311
0.4170084
0.1440673
0.169747
0.6772596
0.5547346
0.5463331
1.415333
0.9534387
1.341366
1.179418
0.8210213
0.1461588
1.027871
0.746361
0.3106344
0.134232
1.763902
1.669806
1.185988
0.8556106
0.1567525
0.7273669
0.8843066
0.02207962
0.02069709
1.088
1.215869
0.5094148
1.01419
0.3772579
0.01814551
0.7207084
0.03209323
0.07893393
0.34407
0.1963598
0.5463573
0.1410169
1.430074
0.05023524
0.2204998
0.4254443
0.1670082
0.1592479
0.05543374
0.6937545
0.3652572
0.4344877
0.9315287
0.2683413
0.9757834
1.014895
0.2188299
0.8827286
0.4826645
1.098772
0.575228
0.6308869
1.05373
0.05713214
1.410154
0.1062151
0.7891625
1.236292
0.3372445
0.3316632
0.0603242
0.1470121
0.1445799
0.1885156
1.30922
0.2368954
0.387838
0.4327954
1.160224
0.841121
1.131687
0.5510644
0.3856143
0.1786797
0.5229367
0.8994894
0.6938151
1.189741
0.9584153
1.512908
0.2068436
0.02206623
0.3155132
0.9713271
0.7355398
0.247673
0.6472772
1.18109
0.9774437
0.6719193
1.10871
0.8787708
0.1976038
1.254281
1.025629
0.06747989
1.045848
0.5325249
0.4839862
0.6142566
0.2607483
1.251623
1.08301
1.035128
0.5024652
1.297233
1.750958
1.04591
1.003218
0.3213014
0.7537969
0.5153111
1.333762
0.3863666
1.149585
0.7345982
0.2288472
0.4032149
0.3372303
0.6336106
0.6881357
1.808493
0.009711753
0.7337375
1.043998
0.2765782
0.157301
1.602263
0.230634
0.3182719
1.435755
0.3957804
0.8325847
0.4554948
0.96882
0.5863639
0.7115552
0.6580961
0.1144926
1.068459
1.304193
1.16457
1.367235
1.415246
0.908082
0.7841247
0.2382063
0.1685111
1.107547
0.4796531
0.2804136
0.5618533
1.158057
0.981457
0.05197139
0.1064289
0.4720544
0.2518053
0.4540161
0.3861867
0.2571076
0.2080143
0.8149132
0.3815794
0.1612873
0.8289266
0.4331507
0.5557808
0.8997422
1.308258
0.6758989
1.549993
0.02559364
0.4793067
0.8080804
0.963178
1.179022
0.9918386
0.7771001
0.3748775
0.4437739
1.179163
0.1341633
1.613522
1.168153
0.4259357
1.01766
0.5126189
0.3024722
1.72964
1.682562
0.2880735
0.3535459
0.03817373
0.2757217
0.1775946
1.033446
0.2454377
0.2791199
0.5239173
1.192525
0.3389753
1.611818
0.7321914
0.64627
0.559264
0.1903367
1.594626
1.625986
0.895627
0.2399934
1.19812
1.000461
0.6728976
0.5222206
0.8346671
0.7278809
0.2163354
0.2866404
0.63636
0.749259
0.01581857
0.8996482
0.6869806
0.6882578
0.9486913
0.4877697
1.436308
0.715681
0.2137107
1.150264
0.8992588
0.486527
0.243106
0.8314726
1.028232
1.071705
0.9623451
1.531472
0.378121
0.2540089
1.395213
1.586797
0.005557818
0.5398716
1.858472
0.2471327
0.3353851
0.03582688
1.230308
0.8494899
0.0570985
0.8790179
0.5106062
0.9744905
0.03525369
0.1238465
0.01140433
0.6243383
1.403229
0.5854728
1.856664
0.6956607
1.62235
0.7409567
0.8465382
0.8074944
0.00570733
0.4995098
0.3207346
0.7094124
1.643817
0.08499253
1.220389
0.8722949
0.6861831
0.6064798
0.1358397
0.04036148
0.810557
1.436996
0.7626271
0.7180699
0.8550859
0.312956
1.113035
0.0196516
0.4173948
0.2706027
0.1342526
0.03526216
0.2926079
0.8534679
0.2605785
0.2368436
0.8468682
0.06700096
0.3579824
1.621694
1.126189
0.06318009
1.557436
0.07289313
0.1020909
0.1382659
1.236493
1.152038
0.1675271
1.621397
1.389809
0.3797525
0.864748
0.2104804
0.04066748
1.157212
0.2044983
0.8956216
0.08891455
1.211371
0.3816313
0.549239
0.4662907
1.342455
0.2067511
0.7471686
0.9631348
0.4906551
0.06764792
1.133951
0.2322112
0.2236059
0.1110068
1.198001
1.006801
0.2819147
0.3190333
0.345444
0.1749492
0.3117451
0.7144211
0.6595375
0.738541
0.01387681
1.246068
0.3208284
0.5705137
1.870387
0.01276376
1.356233
0.5129762
0.9908098
1.124321
0.5974378
0.07354358
0.3075701
1.139585
0.4134387
0.3167939
0.1748323
1.653751
1.033849
0.5324464
0.8899527
0.08964402
0.0576553
0.08892519
1.933201
0.6640554
0.2006188
0.3259201
0.4693753
1.369732
0.4746824
0.3321581
1.07514
0.1426411
0.2553554
1.171114
0.3634841
0.4363311
0.1739515
0.4542906
1.337244
0.4928069
0.796395
1.015882
0.7490648
0.1077386
0.8494474
0.2414133
0.2587876
1.737473
0.1330306
0.1531669
1.659444
0.1930645
1.128659
1.516532
0.599147
1.001754
0.5935432
0.3351157
0.8510827
0.7102753
1.095661
0.5782588
1.320727
0.1736957
1.541604
0.4647368
1.61731
0.003092316
0.5042164
0.5165019
0.344095
0.9554776
0.714864
0.998194
0.8649718
1.098028
0.09972456
0.960979
0.4499193
0.09322556
0.4211853
0.7556792
0.1206222
0.04758649
1.064662
0.793141
0.07303104
1.85026
1.105429
1.531616
1.731575
0.3887182
0.5897535
0.2752545
0.8336167
1.639967
0.5021942
0.5121856
0.9078023
0.8918848
0.4286361
1.031641
0.6650467
1.138033
0.9387049
0.9489599
1.641262
0.1951546
0.4773825
0.7146394
0.908652
0.9297096
0.9549753
0.3189735
0.273356
0.7013169
1.68491
0.3651435
0.7598647
1.254576
1.022995
0.5073178
0.6222881
0.1605022
1.457299
0.1168004
0.3573244
0.8984096
0.2904268
0.666434
0.5746726
0.6842392
1.91527
0.2008426
0.8227885
0.7380858
0.1985719
0.7589383
0.0745681
0.7138765
0.7527098
1.293491
0.5470241
1.307237
0.8578542
0.4855569
1.360928
0.9319652
1.304818
0.535372
0.9015372
0.1488102
0.01053151
0.2664389
1.089663
1.375469
1.028543
0.8016985
1.776598
0.9267105
0.2994248
1.31887
0.3015242
0.3664224
0.5256725
0.01373287
0.3591098
0.1457166
0.7587232
1.594941
1.704991
0.44348
0.4726205
1.193599
0.3832415
0.03959902
0.7584252
0.4453132
0.4128167
0.6529038
1.02844
0.9017416
0.7170534
0.1092051
0.4661329
0.2533864
1.368712
0.823992
1.277481
0.9321507
0.01339627
0.8101178
1.13852
0.6145583
0.2158711
1.303365
1.405226
1.322525
0.8406881
0.8363528
0.6758572
1.204832
0.8771822
0.2754036
0.4666147
1.144712
0.7802503
0.897751
1.581415
0.2972049
0.03756373
0.1905504
0.4118096
0.6726709
0.6184201
0.1266679
1.153318
0.9559115
0.37418
0.6601717
0.01427162
0.1721059
0.2766491
0.5004772
1.333927
0.001047419
0.3525121
0.9833377
0.8644848
1.274552
0.5216337
1.098516
1.026567
0.8369818
0.03702539
0.1418275
0.5653501
0.6883439
0.6581508
0.9146086
0.6453853
0.4151299
0.636507
0.891517
0.259283
0.4543596
0.2671056
0.7711766
1.129994
1.14611
0.5877524
0.6132432
0.0740119
1.885855
0.597838
0.6076972
0.2770542
0.9472022
1.533695
0.3446559
1.214968
1.830945
1.140636
0.7949201
0.4388057
0.5246431
0.9256266
0.8582474
0.9634799
0.1200317
0.1465983
0.07448439
0.3474443
0.2072506
0.3392676
0.6892041
0.6199166
1.352246
1.362679
0.1416616
0.5769693
1.18655
0.2680459
0.9121882
0.2382961
0.3803731
1.561736
0.6227877
0.1750876
0.1239799
0.7162824
1.074034
1.002969
0.102009
0.4519517
0.8006399
0.1291915
0.7043416
0.078465
0.425267
0.1934909
0.8215868
0.1481911
0.09507746
0.3794214
0.4448183
1.240917
0.8569071
0.03308697
1.339579
1.349363
1.812493
0.2171112
0.4965575
0.06134372
0.2643107
1.403731
0.444842
0.009840581
1.107391
1.044978
0.6849891
1.46651
1.394343
0.04912849
1.189181
0.9264022
1.536035
1.532727
0.6239813
1.352589
0.2125444
1.250709
0.8199301
0.4072804
0.0268586
0.1411459
0.3135311
0.3652399
1.620362
0.2923898
1.000779
0.2814124
0.1178612
0.8680775
1.193013
0.8496766
0.04818482
1.45387
1.095155
0.1642697
0.5877972
0.8752737
0.1171734
0.1584699
1.364937
0.3579272
0.09928314
0.5258469
0.4087786
0.7813409
0.7161736
0.3467277
0.8199162
0.902077
0.1735364
0.682168
1.192896
0.8375658
0.8131317
0.16936
0.3170632
1.14881
0.07818409
1.847248
0.4501753
0.2540467
0.1885367
0.516695
0.5821038
1.117181
0.07539908
0.9683863
0.7263112
0.7951931
0.4951249
0.9653316
1.097488
0.5063737
0.1847811
0.3076334
0.5493364
0.1852775
0.5656314
0.5680485
0.8207303
1.074668
1.291373
0.07476189
0.4088019
0.2622651
1.410173
1.400461
0.9518799
1.106616
0.5458564
0.8978965
0.4717873
0.4435574
0.550796
0.5979358
0.1893431
0.3120072
0.4226497
0.07374774
0.4628126
0.1849253
1.172967
0.9012519
1.283784
1.777889
1.923648
0.05562481
1.925396
0.6040011
0.2003054
0.6819582
0.3150628
1.0631
0.1728852
0.7846541
0.2319977
0.6280043
0.672145
0.27617
0.1613375
0.1998951
1.855256
1.896366
0.3887967
1.388314
0.1065525
1.212714
0.8919865
0.06971595
1.001102
0.5541531
0.4150784
0.185148
0.4830813
0.06805772
0.5855704
0.7983446
0.465127
0.01656521
0.4175598
1.562869
0.01209474
1.24707
1.129819
0.954869
0.722781
0.2780116
1.222049
0.3337732
1.042643
0.4860564
0.1817155
0.774103
0.02765775
0.5674722
1.048717
0.1750897
0.3097725
1.334372
1.319267
0.05329606
0.5492772
1.163239
1.117979
1.529104
0.6629434
0.6675158
0.547536
0.8597847
0.4399714
0.2029429
0.2258122
0.5843735
0.07880353
0.1614266
0.0619881
0.7932521
0.04688696
0.6046047
0.2430499
1.311608
1.000654
0.1546069
0.8256747
0.8633102
1.917446
0.0139019
0.2255687
0.4924666
0.1895871
0.002260453
0.1507953
0.05284054
1.003707
1.53337
0.584733
0.6689234
0.1262035
0.9434242
1.273577
1.48721
0.1597202
0.4868356
0.6620729
0.103236
1.49584
0.3734149
0.5088095
0.4952535
0.7932971
0.8593415
1.579063
0.3924132
0.2012729
0.8086331
0.4901052
0.4490571
0.4413946
0.5765185
0.8864269
1.25032
0.9625583
0.7433995
0.6992818
0.7503319
0.8901777
0.1634653
0.4749603
0.1868671
1.657304
0.8030294
0.3543463
1.126205
0.1547645
1.178876
0.01994815
1.184652
1.017387
0.9097483
0.4126533
0.6661007
0.1493255
0.09469297
1.517209
0.1840318
0.1213322
0.4305571
0.3949939
1.222954
1.492401
0.2358988
0.7440468
0.5644617
0.4405701
0.3333852
0.7238743
0.9906999
0.6423979
0.1600995
1.528005
0.4911161
0.2905773
0.775734
1.675011
0.192539
0.4884188
0.1912624
1.257802
1.095903
0.1960506
0.2127498
0.5003466
0.7556692
0.3594364
1.318455
0.5231095
1.325971
0.4541016
0.4331129
0.7849141
0.3998987
0.6798048
0.9535872
0.1538997
0.5751226
0.1426175
0.1931476
1.398439
0.1736116
0.3419297
0.1839605
0.7011525
0.3767655
1.602368
0.1619909
0.07651195
0.05604132
0.3048377
1.026971
0.869467
0.4503655
0.5845716
0.4582499
1.568196
0.7661098
0.2366048
0.3501686
1.862964
1.24081
1.209729
1.266931
0.2162578
0.8634746
0.7744112
0.8230791
1.198524
0.1064917
0.6426139
0.6355089
1.214341
0.6041714
0.9503669
0.9550319
0.102451
0.6607624
1.254871
0.7429836
0.00619194
1.550962
0.2126661
0.3893823
0.9677316
0.2598197
1.274984
0.5606418
0.8269799
1.122948
1.391316
0.8627144
0.8172354
0.3488203
1.078795
0.3494676
0.4924783
0.1725448
1.261317
0.271991
0.9283215
0.3779257
0.488871
0.1844324
1.258986
0.9008449
1.112055
0.3509447
0.4941546
1.327494
0.3011796
0.05258002
0.6069918
0.06585251
0.3354942
0.06909238
0.8188328
1.614935
0.6219819
0.1238936
0.9062588
0.585827
0.3273872
0.06839817
0.2409826
0.3048511
0.2529942
0.5946219
0.1886308
0.4841418
0.7888808
0.5162983
0.7397704
0.01599217
1.595035
0.9896651
0.0525524
0.628435
0.4696617
0.7326983
0.3516582
0.9638864
0.2444255
0.6361111
0.349146
0.4988795
0.6723806
1.173447
0.3778951
0.3061144
1.343642
0.640845
1.15822
0.1847282
0.8571654
0.8707022
0.774675
1.075029
1.748836
0.2950496
0.3412842
0.428947
0.4190267
0.7982031
0.7349372
1.144343
0.7308182
0.4732802
0.9757389
1.095744
0.8466054
0.1196114
0.992408
0.6946751
1.207849
1.368377
0.9650237
0.5668082
0.4958968
1.204322
0.9563058
0.2062421
0.9481497
0.8589197
1.719878
0.1273169
0.7568563
0.709629
0.3011344
0.9076314
0.6748606
1.651893
0.2566204
0.2247329
1.085684
0.0971573
0.4408433
0.3092305
0.7040352
0.5346633
0.9781848
0.8201892
0.1734188
0.810656
0.661865
0.02799554
1.262634
0.8984134
0.1524219
1.172446
0.2056633
1.562472
0.61941
1.065966
0.255312
0.7782123
0.5470609
0.1801954
0.3276524
0.00020668
0.07233496
1.051196
0.4244464
0.9472361
0.4542534
0.4747377
0.4472573
0.6916066
0.7339406
0.1988794
0.7741007
0.4906173
0.03650419
0.2269091
0.264541
0.1773403
0.9089656
0.707464
0.06174945
1.824748
0.9344604
0.4946386
0.2514735
0.6705718
0.2791661
0.4325318
0.6981664
1.003397
0.1850053
0.8191889
1.523808
1.498604
0.1815049
1.251067
0.3827582
0.2100266
0.4401802
0.9459663
1.637737
0.7452605
0.9608587
1.596564
0.09661336
0.6378966
0.9701213
0.4940862
0.5979819
0.760808
1.514745
0.7692838
1.781363
0.3924294
0.4989974
0.09861768
1.437562
0.4979984
0.45533
1.420907
0.1977829
1.041523
0.3809591
1.030246
0.2249355
0.4387082
0.6952876
0.7636809
0.779477
0.3036475
0.6933494
0.7653799
0.7458548
0.6303102
0.3366165
0.1248596
0.7432199
0.4475868
0.0699164
0.450414
1.215709
0.5066301
0.2582312
1.325295
1.033638
0.6625971
0.3794957
1.800376
0.4898521
0.7084087
0.9789301
1.188741
0.3582017
1.237687
0.8625096
0.1952622
0.1344193
0.480497
0.7031716
1.168694
0.288297
1.691986
0.6724689
0.9806671
1.314272
1.850553
0.9963205
0.3072902
1.346613
0.007322707
0.7841394
0.815801
0.4559224
0.7817904
0.5958211
1.153878
1.448016
0.5295785
1.133452
0.1935828
0.3375754
0.9128701
0.9524002
1.103357
1.182749
1.208646
0.1379727
1.316065
0.161822
0.5164738
1.454419
0.06102926
0.1031918
0.4489654
0.253876
0.1894793
0.8170807
1.523479
0.2717194
0.1018506
1.260901
0.1658629
1.074275
0.7904
1.45942
0.6040241
1.647106
1.172425
1.527706
0.3440958
1.278923
1.578792
0.08099132
0.493516
0.6665324
0.8416767
0.4776672
0.6053002
1.18666
0.09678103
1.216676
0.4376223
1.237658
0.2899618
0.9151131
1.009347
0.637676
0.2177697
0.1178326
0.4105125
0.3563127
0.6149036
0.3563833
0.9062935
0.5881134
0.5012518
0.6495008
0.1289957
1.220462
0.4442731
0.09458038
0.341559
1.447633
0.06038991
0.8423599
1.045588
0.1750933
1.113947
0.0893014
1.150536
1.334105
0.5759797
0.5820018
0.9623005
1.001708
0.0649933
0.5552859
0.03289662
0.5350405
0.8986217
0.633887
0.2429598
0.4746005
1.160367
0.7138008
0.4999192
0.7402609
1.748996
1.381462
0.7071434
0.1020277
0.4033884
1.271857
1.231611
0.04338191
0.8510019
1.228478
0.4003697
0.9116861
0.08207219
1.741634
1.227722
0.6122177
0.2966837
0.8484389
0.4052052
0.04181768
0.2690184
0.4631766
0.2984039
0.1786962
0.0147509
0.02160226
0.8277952
0.3286083
0.5839379
0.5247943
0.6880904
1.144006
0.3808235
0.549236
0.1082022
1.301466
0.1771842
0.1983836
0.4025286
0.5884723
0.1829806
0.3876332
0.9746856
0.9188547
0.5441315
1.340539
1.753476
0.3656432
0.08376487
0.7801687
0.9544689
0.06511914
0.8914886
0.8924605
0.3649116
0.3411846
1.382402
1.114089
0.6575971
0.133201
0.2621626
0.05017057
0.4604479
0.6274391
0.3225862
0.1860837
0.3974002
0.5587873
1.560042
0.7230589
0.3822008
0.6070411
1.626255
0.7101303
1.104707
0.09084253
1.091105
0.5980388
0.3417964
0.2916576
0.2580081
1.232459
0.2432008
0.5475239
1.774898
1.851448
1.511495
0.7588985
1.279486
1.695543
0.182421
1.118
0.1137848
0.5443296
0.7910495
1.230389
0.4319643
0.4012385
0.1331771
1.391245
0.1556329
0.008695036
0.2436921
1.611435
0.04296818
0.1812081
0.6208633
0.0884161
1.188743
0.5964671
1.106726
0.8994894
0.7537217
0.9454373
0.1165003
1.437123
1.0252
0.6627402
0.7774977
0.8978102
0.6531986
0.9438846
0.008223322
0.04997604
1.131998
1.028381
0.9591974
0.8141673
1.81854
0.5040408
0.3296285
0.9225942
0.1172225
1.063972
1.199977
0.3659934
0.6912978
1.335312
0.5642063
0.7218735
0.4928512
1.291999
0.7904743
0.5540965
1.245592
0.04421066
0.319041
1.56283
0.5222763
0.4178851
0.4021309
0.2173611
0.3660652
0.6280537
0.4896895
0.9949134
1.618531
1.328068
0.9617276
1.168608
0.5727257
0.9248
1.157947
0.6173904
1.506382
0.2484378
1.13534
0.12303
0.1208675
0.9373646
0.04016295
1.01012
0.06677317
0.2777932
0.9550455
0.3224471
0.3339043
1.376809
1.361415
1.054026
0.2849625
1.169723
0.879774
0.8605808
0.02445831
1.229359
0.7614097
0.7264378
0.3542168
1.117583
0.2421319
1.076254
1.509585
0.5954677
0.5545324
1.562283
0.508128
0.747124
0.545811
1.795664
0.09579804
0.6559019
1.326468
1.398409
0.03917813
0.3967305
1.050087
0.001456722
0.6731875
1.009024
0.1316238
0.6863835
0.3662733
0.9006515
0.1229888
1.758534
0.2054248
0.2343631
0.3143518
0.5139756
1.585612
0.3761867
1.027488
0.2700021
0.4165007
0.6142842
0.8347255
1.63084
1.506964
0.5363871
0.2320271
0.4469042
1.32968
0.9994405
1.545746
0.7369476
1.705572
0.6873971
1.556542
0.2772363
0.1708355
0.8030416
0.9527463
1.05304
1.218069
0.6984948
0.5792121
0.5115654
0.6432864
1.738149
0.9928271
0.3354496
0.3334094
0.2244902
1.197252
0.1610249
1.485403
0.8941444
0.6824352
0.660348
1.332429
1.104544
1.06508
0.09668298
0.3428884
0.6184693
0.7054072
0.1461859
1.585214
1.025548
0.0458819
0.1771937
0.7755986
0.9168022
0.7720275
1.095757
0.6971927
0.2288611
0.9401842
0.5973755
0.1551102
0.8406151
0.3974436
0.6739827
1.078825
0.1394179
0.3727335
0.1859399
1.590308
0.3478613
0.359005
0.907377
0.9702375
1.241225
1.263278
1.515888
0.03957552
0.2938456
0.9615766
0.7793552
0.8399441
1.555575
1.410805
1.522923
1.356348
0.1425877
0.2049912
1.361063
0.1638173
0.8545615
0.1116055
0.1140195
0.5207904
0.3662079
1.548765
0.599283
0.04220664
0.2361728
0.4016566
0.3468496
0.310421
0.4843361
1.714884
0.2863662
0.778218
0.4074281
0.3856277
0.7451157
1.164278
0.01003918
0.9128942
0.3560014
0.6652565
0.4979046
0.7215457
0.9061016
0.01543622
0.007256175
0.1641747
0.577609
1.100909
0.7932538
0.07803949
0.06803455
0.6449134
0.9708621
0.9369155
0.1999844
0.2421654
1.141942
0.4879995
0.02133648
0.8107944
1.059867
0.04195652
0.5029529
1.037294
0.9666189
1.011664
1.520645
0.1969945
0.2981388
0.4342572
0.2341955
0.2532727
0.7846313
0.4773644
0.392641
1.480668
0.05427503
0.001182045
0.698102
0.3447047
0.06431007
0.767965
0.2236788
1.230623
0.6981319
0.314427
0.6639338
0.8821939
1.840766
0.4623163
0.0272954
0.7780766
0.373833
1.589604
0.01909841
0.3183191
0.1137372
0.1894995
1.40484
0.9742102
1.180946
1.050942
0.2717877
1.530896
0.3837844
0.791384
0.7899882
0.1491927
0.6735581
1.461895
1.270878
1.74708
0.6482474
0.001520086
0.6058814
0.2156927
1.089628
0.104823
0.9389105
1.164814
0.92015
1.093709
0.8652101
0.7608537
1.189992
0.4099043
0.110803
0.2041098
0.1150377
0.2414238
0.2990176
0.2895141
0.923502
1.34276
0.951474
0.424945
0.3319588
0.2416756
0.7921955
0.8203805
0.6125596
0.2200884
0.26395
1.548374
0.7447827
0.3696722
0.6225782
0.4816673
0.3487301
0.2103764
0.4695497
0.1085657
1.766388
0.5052061
0.3857905
1.0398
1.003519
1.460268
0.4597786
0.4929556
1.165092
0.02102469
0.7348447
1.591902
0.9562771
0.007343771
0.1916092
0.3847891
0.5329489
0.7600507
0.5652989
0.9741249
0.05082026
0.4163789
0.06755832
0.182042
1.795958
0.6836078
1.118587
1.442318
1.009239
0.2242721
0.3358708
0.1326615
0.3163932
1.158003
0.3014316
0.2683508
0.3352431
0.6441472
0.8982653
0.02487175
1.078971
0.5063498
0.212772
0.5419416
0.9359119
1.363251
0.6523868
0.729941
1.039344
0.5321448
0.3549265
0.08244067
0.1604222
0.02905029
0.598359
0.4662203
0.05647735
1.888604
0.6028644
0.9269065
0.02707227
0.419358
0.7302013
0.08913684
0.04611658
0.3556571
1.29624
0.3963836
0.4286407
0.4125482
0.4992366
0.541809
0.02858137
0.2308733
1.411521
0.2796707
0.505601
0.5665111
1.217268
0.3981922
0.3458525
0.3837291
0.214173
0.3001316
0.07662955
1.035641
1.27919
0.2817782
0.9090802
0.3903567
0.8265711
0.5823444
0.7226703
1.065426
0.4119038
0.7896346
0.5928916
1.245753
1.873514
0.126249
0.1620579
0.1879823
1.739872
0.5451254
0.1722688
0.2817655
0.7114945
0.518407
0.5060507
0.719562
0.9526543
0.5163788
0.9332946
1.388812
0.2896013
0.3007138
0.2460226
1.281903
0.4281396
0.6939763
0.7333941
0.01036168
1.69122
0.5444319
0.2429741
0.4737432
0.370276
0.8938364
0.9225979
1.678106
0.3044157
0.3196776
1.204254
0.09391105
0.1767944
1.32833
0.2978332
1.233838
0.4799195
1.467518
0.7956705
0.3554979
0.01226171
0.8343025
0.8509437
0.5322677
0.7497957
0.6237377
0.9495939
0.2636405
0.519337
1.214516
0.9715729
1.085681
0.2119689
0.3025899
0.4051148
0.5569804
0.02007275
1.387466
0.5903834
0.01610445
0.291315
0.8697047
0.4246625
1.033459
1.217128
0.1356564
0.02432266
0.119659
0.785845
0.8298854
0.2081966
0.7526479
1.163716
0.564939
0.02773572
0.2958949
0.7217253
1.197888
0.09248312
0.7399108
0.1396199
0.8977057
1.105298
1.198919
0.4426386
0.3331581
0.89693
0.6121653
1.27395
0.9142952
0.3916565
0.1517077
1.465124
0.6099954
0.1140709
0.08578121
0.197155
0.01505405
0.08773955
0.05391124
1.040319
0.4497948
0.341666
1.21497
1.210381
1.350659
1.601275
1.585802
0.3759659
1.299414
1.499766
1.545325
1.309288
0.422992
1.598079
0.247507
0.1667275
0.02777639
0.1833922
1.022681
0.6752401
0.9877787
0.5066543
0.8875294
0.836919
0.3108614
1.758001
0.04411215
0.1225604
0.6629612
0.2303413
0.46515
0.9576323
0.5567739
0.03404547
0.03498276
0.6277563
0.0600651
0.5977932
0.4328498
0.2386164
0.621277
0.06243295
0.2687831
0.9499578
0.3349838
0.7969686
0.4152531
0.2751601
0.02312834
0.1651415
0.5425878
0.0500474
0.05656802
0.1061505
0.1440723
0.3027019
0.5987663
0.1441989
0.9234249
1.071849
0.5225727
1.350623
0.140852
0.377626
0.5389925
0.4884112
1.508225
0.06640543
0.2761512
1.772397
0.931769
0.3173458
0.9983285
0.9122298
1.563863
1.414341
0.7261509
0.6932204
0.3751084
0.3170445
0.02634746
0.9152327
1.338851
0.1811004
1.646528
0.03427263
0.4513805
0.5585813
1.215651
0.1857407
0.4274876
1.250037
1.788004
0.8815835
0.7767982
0.9894199
0.2491565
1.190172
0.6236685
0.4761886
0.7414267
0.03488149
0.9121429
0.6227054
0.5252728
1.014694
1.14709
0.6162769
1.603209
0.9012355
0.9690424
0.1128894
0.7072437
0.1586809
0.4116077
0.7744227
0.1208881
1.156584
0.6841892
0.1134157
0.6325745
0.7415304
1.045121
0.04549272
0.3575714
1.814242
0.9007289
0.6084419
0.4887513
0.4959791
0.9460079
0.306001
0.9303824
0.5938028
0.2340208
1.190259
0.7527628
0.507123
0.9678906
0.091771
1.228356
0.2575254
0.8470192
1.295828
1.811371
0.2371512
0.8851217
1.299608
1.100844
0.3219799
0.7108733
0.2449983
1.001832
0.5381489
0.6367636
0.2836059
0.9014539
1.191489
1.256588
0.9471712
0.4883889
1.061268
0.08840991
0.436786
0.5923606
0.01884302
1.556855
0.9439829
0.3434266
1.282555
0.03720542
1.592219
1.247737
0.6828386
0.4777423
0.1795672
0.2069369
0.5719664
0.3510494
0.9988461
0.9531315
0.2897002
0.8613728
0.01386858
0.9040761
1.23436
1.369557
1.691997
0.336122
0.4162799
0.1414636
0.4976303
0.005048308
0.5995832
0.1437561
1.026035
0.1941197
0.2429164
0.6559602
0.8607215
0.782653
1.037101
1.419417
0.09827343
0.1336977
0.5933095
0.3600942
0.6775105
0.05670412
0.1791341
1.339085
0.8433043
0.4560562
0.7108989
1.399986
0.1381261
0.2327782
0.7092047
0.2283531
1.459791
1.173565
0.9976943
0.3446408
1.530668
1.040424
1.060409
0.5204671
1.050067
1.544823
0.1921585
1.453006
0.1680672
0.4948302
0.7419232
0.689381
1.514935
0.529476
1.052881
1.000061
0.4155568
1.034235
0.1830646
1.049616
0.963591
1.540956
1.373058
1.564739
1.898704
0.3009295
0.2054762
0.5830349
0.6649165
0.7652726
0.2838308
0.8881574
0.08913624
1.628752
1.239529
0.1690987
0.08961185
0.9569015
1.12138
1.076589
0.5867224
0.5267326
0.4505218
1.10214
0.9305536
0.2153711
0.3048089
0.6287162
0.5962603
0.1470796
0.3055818
0.4426093
1.115533
0.267339
0.2008325
1.218744
1.220588
0.8923741
1.81018
0.1670077
1.13981
1.14665
1.144767
0.7014401
1.053751
0.750643
0.8526186
1.490134
0.671189
0.330102
0.3118652
0.04066401
0.09411778
1.687076
1.846335
0.8786895
0.95091
0.1368703
0.8842592
1.088354
0.8394964
1.133176
0.310068
0.005998792
1.147681
0.8598577
0.1610716
0.0247209
1.204406
0.07696846
1.168382
0.4885835
0.4188908
0.9300699
0.8101205
0.2676726
1.228682
0.7381182
0.7457654
1.617321
0.08711914
0.5314811
0.4321213
0.3734009
0.3571308
1.619772
0.6452399
0.6401003
1.083842
1.594194
0.9585373
0.5003095
0.05336578
0.2072052
0.5957197
0.2381338
0.1059226
0.7360005
0.6002453
0.2167226
0.2907935
1.00984
0.07540171
0.1457359
0.804473
1.316147
0.6518253
1.919921
0.1490247
0.05891885
0.2460079
0.7810149
0.334865
0.1038787
0.2732591
0.7010698
1.639601
0.6850839
0.5852176
1.48924
0.5820388
0.5687348
1.599593
0.1372238
0.3679429
0.376912
0.3648416
0.4140267
1.859642
0.5798027
0.1613709
0.2023444
0.1355334
1.157246
0.09257247
0.1591034
0.6234462
1.18941
1.042166
0.5762171
0.2526894
0.5567777
0.009166803
0.04042399
0.09957006
0.5738978
0.6494073
1.008729
0.3339679
0.6374928
0.891975
1.438079
0.5408164
0.4957413
0.7974574
0.9459841
0.1382597
0.9145222
0.1126812
0.759833
1.131018
0.9057841
0.05732596
0.01920294
0.470353
0.9536373
0.2305971
0.9865583
0.243512
0.5956934
0.5743874
0.1956239
0.009641025
0.7845941
0.8641638
1.286059
0.2406929
0.5927415
0.09143265
1.233836
1.246201
0.8600738
0.03522724
1.349703
0.3966968
0.1389375
0.6807238
0.01336717
1.376553
0.3196368
0.1648088
0.9250675
0.06750655
0.4197259
0.496393
1.257436
0.8348621
0.1904239
1.900926
0.6512099
0.03403241
0.4918784
0.4448352
1.637361
0.9328249
0.9097757
0.8075755
0.5460035
0.0043994
2.674683e-05
0.570479
0.09377588
0.3013269
0.603293
0.894392
1.657207
0.7437392
1.393935
0.260152
0.0534694
1.543589
0.5628705
0.06259917
0.04260462
1.278768
0.01749849
1.17028
0.1473869
0.08884785
0.3769192
0.2274764
1.403733
0.478617
1.19872
0.4036204
1.043031
1.388641
0.313803
0.4427139
1.357203
0.7121937
0.4638971
1.121706
1.678985
0.2621647
1.080004
0.2551095
0.01412984
0.3780254
1.461732
0.7931282
0.0562245
1.466254
1.263204
0.08433647
0.1082206
0.2119744
0.1426132
0.9175968
1.295276
0.7529759
1.143089
0.3045447
0.5804469
0.2534576
0.1500649
0.6796014
0.3141862
0.1596225
0.2829
0.6337788
0.3549778
0.1114454
0.2772231
0.05848617
0.3783407
0.6411835
0.5565791
0.2960546
1.468716
1.09678
0.7443743
0.6018456
0.8330763
1.237273
0.1723471
0.8640033
0.1801203
0.4730138
0.3779285
0.009952549
1.832617
0.2330909
0.1097755
0.0843797
1.44174
0.3798872
0.3471473
0.09023878
1.45124
0.3548828
0.6688162
0.5530861
0.5783526
1.015515
1.15058
0.1095722
0.09925762
0.04879968
1.3119
0.3796988
0.7841377
0.134666
0.05139539
1.233679
0.8509842
0.2316373
0.9297649
0.2195267
0.05138138
0.6268511
0.5215916
0.06916596
0.8352951
0.4674952
0.2795973
0.8955235
0.4960857
0.7158859
1.905194
1.53987
1.298448
0.2749815
0.1858612
0.6377552
0.6676892
0.5945936
0.1858775
0.04525491
0.5062575
0.2116377
0.3419671
0.5198567
1.100504
0.8892638
1.688834
0.330202
0.234108
0.01550274
1.780101
0.6432618
1.172745
1.43585
0.8268809
1.072562
0.4011844
0.7943073
0.4053651
1.714571
0.8426426
0.1049326
1.18904
0.1899061
1.340574
0.9039496
0.01299528
1.495844
0.02666832
1.207682
0.7507968
0.1651697
0.1152651
1.449782
0.08127412
0.2133785
0.3344422
0.563518
0.1995188
0.2775804
1.704916
0.857817
0.7828032
1.498332
0.04371554
0.4357126
0.5435194
0.6843164
1.038752
1.039837
1.295649
0.8871414
0.8385385
0.4299739
0.1993744
1.078177
0.02345603
0.7923178
1.430512
1.261696
0.4374139
0.8814884
1.122882
0.04412524
0.7535251
0.9203908
1.241624
0.6920297
1.58801
0.2012281
0.636476
1.068196
0.6331496
0.01529216
0.04702931
0.438174
1.476525
0.2580794
0.4305314
0.9174284
1.511803
0.6645226
0.6890347
1.626585
0.8020728
0.514608
0.9538345
0.03121959
0.7261123
1.727681
1.631974
0.5822257
1.518855
0.5093667
0.240278
0.03241112
0.11299
0.7262525
0.0285224
1.404949
1.95396
0.494422
0.9082418
0.293009
0.4292543
0.3300562
0.04692687
1.036456
0.8039164
0.5239053
0.3616008
0.1950246
0.233574
0.3654647
0.1424072
0.1273992
0.2651735
1.453462
0.1405188
0.7636406
1.56019
0.3957376
0.3499299
1.45947
0.3921543
1.179297
0.729058
1.503244
0.1852959
1.10002
0.3134752
1.06124
0.1706106
0.06284798
0.8456646
0.8813935
0.1799735
0.7907763
0.2430198
0.0001483626
0.2284603
1.561328
0.7317275
0.218302
0.1864431
0.8252784
0.140201
0.1449629
0.1528113
1.083787
0.8411454
0.682569
1.284786
0.6633025
1.772487
0.7163677
0.4634636
1.448459
1.723834
0.9500017
0.788441
1.347677
0.8661895
0.6865422
0.5774121
0.3176434
0.3860094
1.241242
0.1052461
0.795382
0.4663102
1.205879
0.3618909
1.234059
0.5892756
0.4198582
0.6651174
0.7448305
1.85127
0.2883912
1.027993
1.56786
0.7664294
1.893902
0.3127054
1.745237
1.825162
0.2515468
0.3742617
0.4046552
1.399075
1.05805
0.959537
0.2457563
1.033767
0.7001245
0.1090639
0.9314345
0.681198
0.02054486
0.6299139
0.1622083
0.06319831
1.586697
1.494701
0.9717698
0.9443418
0.1078608
0.8223491
1.476236
0.5687882
0.3856041
0.005339849
1.793424
0.9428023
0.3611813
0.1724596
0.7732499
0.1593462
0.08881274
1.042718
1.066882
0.5440398
0.407329
0.6236381
0.05093055
1.022651
0.06636786
0.03656433
1.259766
0.1401799
0.9461263
0.3269091
0.3177146
0.7235367
0.1257434
0.5977391
1.05596
0.4371637
0.9292682
1.220109
0.2174303
1.128044
1.804246
0.04125491
0.9200556
1.15564
0.4865121
0.4229759
1.527858
0.8999413
0.950804
1.163995
0.3608279
1.191696
0.03243442
0.2101971
0.760724
0.9673828
1.242207
0.3649414
0.5770942
0.3321971
0.7757657
0.8093834
0.603675
0.08187679
1.202888
0.2413231
0.6514172
0.7001632
0.3592918
0.5710756
1.132696
0.1020918
0.8692272
0.3205707
0.30179
0.2583681
0.263576
0.4366532
0.2527046
0.5771671
0.2397158
0.3456046
0.1294558
0.7462281
0.6082494
0.7519585
0.6622315
0.09193068
0.06153719
0.08955032
0.6885129
0.06286277
0.2042319
0.1070059
0.01168096
1.182832
1.050448
0.7951773
0.234301
0.2191968
0.4601537
0.4953214
1.070769
0.6011003
0.6463917
0.01909608
1.165783
0.09368098
0.08524595
0.4617202
0.6703438
0.8487189
0.1124984
0.3650546
0.1840575
0.8279599
1.316776
1.10975
1.265742
1.349786
0.6859812
1.188492
0.2069159
0.6401232
1.025679
0.5149627
0.4576487
1.58
0.9138836
0.1359772
0.1624634
0.3223758
1.384574
1.587966
0.2536971
0.9987041
0.3876073
0.9500207
0.9505506
0.7799576
1.47929
0.03536327
0.8095323
0.1998181
1.029089
1.122411
0.2731181
1.722732
0.1850729
0.1234868
0.906146
0.1951105
0.5324461
1.516465
0.854001
0.7920073
0.724072
0.4803028
0.1853427
0.7761931
0.6269857
0.5392892
1.359834
1.126326
0.3641896
0.342373
1.570313
0.05842531
0.1395656
0.2340702
0.2952149
0.3056158
0.7227389
0.9057068
0.3586247
1.231879
1.253386
1.358281
1.602208
0.3711114
0.3056663
0.3938305
0.4047672
0.4344856
1.41993
0.2863548
0.5368157
0.8803701
0.4091961
0.8476576
1.227691
0.3992196
0.8108393
0.7525668
0.2014892
0.5064968
1.589508
0.3515532
0.09446522
1.006931
0.5287335
1.377931
0.9595428
0.5365867
0.2254838
0.05398576
0.5865217
1.157904
0.3825141
0.8776334
0.1951846
1.491255
0.9174087
0.05553003
1.464211
0.2947338
0.0004763591
1.37718
1.28063
0.2199531
0.05694641
0.8907663
0.2859052
0.2337346
0.3064707
0.6038654
0.2667713
0.9724561
0.4358119
0.9057154
1.820482
0.1149235
0.04507855
0.04722681
0.6621013
1.872917
0.2050307
0.1120928
0.9693775
1.314929
0.08598351
0.5204787
0.242229
0.6036607
0.3145062
0.8098414
1.022859
0.627394
0.1298244
0.6141433
0.2976994
0.4744316
0.6617178
0.2603393
1.077134
0.1721421
1.083618
1.345579
0.8235562
0.8020326
1.336927
0.2073726
1.241931
0.6577069
0.008846996
0.8948504
0.962583
1.517758
0.03914512
0.4798318
0.0114573
0.8459128
0.9546483
0.2108815
0.6054161
1.147839
0.4497155
1.18063
0.395479
0.7756263
0.4852711
0.359102
0.08757585
1.261831
0.7056203
0.3306078
0.8173192
1.104283
0.7316801
0.7676955
0.4745416
0.1489847
0.4582413
0.5500687
0.3464034
1.075972
0.8869074
0.106325
1.457388
1.289509
1.049408
1.352074
0.2043984
0.05823172
0.5206924
0.5143101
1.418124
0.221994
1.135317
0.9698154
0.7423481
0.6277921
0.2849038
1.25901
0.9479935
0.7807768
1.343412
1.490878
0.1042048
0.9152333
0.9222174
1.146161
0.4949073
0.3295038
0.2694082
0.6785512
0.6909446
1.470681
0.6294467
0.3286726
1.044529
0.8960997
1.218551
0.6989523
0.261021
1.354327
0.1717385
0.4064268
0.01776393
0.2139931
0.4979867
0.04405553
0.338482
0.7857371
1.709128
0.6383921
0.4012055
0.0311735
1.076112
0.03926329
0.6259484
0.2289272
0.2428163
0.5723925
0.4509456
0.6613036
1.454656
1.272253
0.592986
0.3838702
1.167257
1.49332
0.3062055
1.177524
0.2901954
0.9227161
0.1828489
0.6851692
0.9596232
0.137139
0.5576368
1.636649
0.7563154
1.025505
0.01198097
0.03712783
0.9047871
0.8964016
0.5918232
0.9322466
0.5426505
1.611647
1.043249
0.2434023
0.2873255
0.2635175
0.8591391
0.3571402
0.09418932
0.4098808
0.09299298
0.08435892
1.313587
0.2867418
0.08060171
0.9373707
0.5606626
1.003575
0.6365074
0.954845
0.3496838
0.2834298
0.5553335
0.04773525
0.6714339
0.09033237
1.038827
0.3559761
0.4209853
0.1754685
0.09772982
0.1015336
0.9083357
0.1461398
0.6465069
0.9797663
0.5637872
0.4951472
0.8461303
1.15846
1.313203
0.3266919
0.1125527
0.4514421
0.5983715
0.9855561
0.193481
0.7538187
0.3345791
0.8493447
1.192312
0.7436491
0.1243567
1.339554
0.9903531
1.431331
0.2286043
0.2435711
0.4334206
0.5167078
0.4912023
0.603495
0.454946
0.8548538
0.8730506
0.7738178
0.4056487
0.1531367
1.132704
0.3911838
0.2357763
0.2158335
0.4215582
0.05206601
0.2029468
0.3413798
0.686636
0.5170225
1.463744
0.487074
0.1429181
1.236586
1.473164
0.7644252
0.2335075
0.5288614
0.7147366
0.06448719
1.432363
0.5587303
1.512157
0.1786944
0.01783519
0.3629772
0.259482
0.9462598
0.8023187
1.784398
0.0512267
0.9952944
0.1773178
0.7515661
0.7342272
0.9962067
0.8623711
0.6241582
0.6614159
0.5657234
0.6421614
0.7305008
0.07088879
0.3427085
0.836628
0.2819372
1.211015
0.1218435
0.6759298
0.4431127
0.3354288
0.4233697
0.2388547
0.1041326
0.002909581
1.433942
1.099846
1.102787
0.1168967
0.1986722
0.1939378
0.585318
0.2939477
0.9443496
0.662582
1.1841
1.207857
1.086787
0.5327509
0.690499
0.5074905
0.7785973
1.054571
0.7733422
0.3519381
0.7051838
0.3631446
0.2886665
1.736991
0.8718823
0.6636165
0.9550164
0.5336078
0.4358169
0.8791852
0.3040459
0.08876397
1.078129
0.105725
0.5771071
0.3084315
0.7654846
0.2174874
1.640579
0.6551112
0.6948218
0.7036977
0.003671962
0.278611
1.204791
0.764746
0.4495578
0.6690762
1.025741
0.8855122
1.285075
0.7158217
0.147289
0.893137
0.4428813
0.4028212
0.5295358
0.6527632
0.01489973
1.031672
0.06124427
0.01136329
0.06277329
1.056579
1.726194
0.7374476
0.1107089
0.616994
0.6477326
0.7859279
0.03569551
0.5915932
0.3890098
0.4770505
0.022501
0.2933285
0.7213186
1.720037
0.05554199
1.399938
0.184567
0.2594802
0.2102392
0.925283
0.6686506
0.4383123
0.9110889
1.08404
0.07091288
0.5792157
0.2349668
0.3044362
0.008271018
1.692662
1.629086
0.09428046
0.9480231
0.8035532
0.03923553
0.09425347
1.409638
0.438458
1.145635
0.1909592
0.8349882
0.2813238
0.9324646
0.738121
0.0392998
1.23331
0.3608727
0.1243207
0.5360307
0.6245173
1.005173
0.3248931
0.3758921
0.2894973
0.8382898
0.4172354
0.3671759
0.1684913
0.7174646
0.8115482
0.493496
0.6696778
1.000306
0.09751727
0.04720858
0.06426411
1.123088
0.2730141
0.8559589
0.1770853
0.166225
0.6322626
0.1335983
0.5956267
0.6341467
0.2618263
0.6399785
1.92168
1.476541
1.082779
1.316007
1.534955
0.1410145
0.8213334
0.8054392
0.4671405
0.8928579
0.9934672
0.5535043
1.334497
0.2964359
0.775599
1.349785
0.09780705
0.9802082
0.5063505
1.540917
0.1706048
0.1260061
0.4698049
1.42413
1.234687
0.9521054
1.786494
0.5688132
0.5203477
0.4913807
0.08044714
0.1992914
0.6173755
1.192056
0.7504276
1.056083
0.07450474
1.171797
0.8121441
0.2462746
0.761391
0.4162832
0.7249506
1.126221
0.2077519
0.8285934
0.2171734
0.3837496
1.361442
0.2311708
0.7465831
1.96077e-05
1.174497
0.062902
1.064537
0.3544907
0.2290361
0.2071633
0.2155376
0.5115961
0.5778025
0.0352334
0.561004
0.7809082
0.04563357
0.08624332
0.2855434
0.5067238
1.569844
1.136297
0.7556487
0.9803639
1.349718
0.2154726
1.020038
0.5476003
0.2269292
0.7505516
1.10518
0.406986
1.256438
0.6540909
1.275808
0.859976
1.276895
0.278682
0.5453903
0.2799215
0.8337145
1.072288
0.6918312
1.232221
0.0661924
0.9008832
0.6372526
1.404336
0.7531759
0.07323635
0.03389647
0.4906362
0.4371554
0.5832668
0.03090895
1.442274
0.4629277
1.47121
1.454498
1.139356
0.4736448
0.7444748
0.2273559
0.4022206
0.8111953
0.2383561
0.8265677
0.06180999
0.3510704
0.03810444
0.2234047
0.5048246
0.6996208
1.226972
0.00318154
0.9756901
0.155742
1.007132
0.5736403
1.407613
1.139797
0.287099
1.180668
0.2975823
0.7988064
0.01043767
0.4046015
0.8609234
0.5796706
0.8781332
1.388852
0.1390923
0.3992911
0.3352539
0.536565
0.3408533
1.344742
0.05178281
0.111431
0.5806669
0.9256235
0.135136
0.5393163
0.6763142
0.8217545
0.006702817
0.2542835
0.6487753
1.106729
0.2708021
0.1917908
0.5380816
0.3010192
0.1376601
0.3586894
0.4853861
1.108831
0.4278378
1.822206
0.3030024
0.3288559
1.020799
1.434938
1.081971
0.5228081
0.2031766
0.4842249
0.2195511
1.865518
1.37461
1.408813
0.9524087
0.2368363
1.295267
0.7102995
0.2633744
0.1099012
1.226281
0.7894289
1.347595
0.4245269
0.07199112
1.236324
0.1001296
0.9047736
0.03139019
1.125642
0.9388365
0.3425702
0.2279814
0.1706823
0.4600496
1.211076
0.3647663
0.3445979
1.102623
1.453746
0.2794347
1.214713
1.242562
0.1260788
0.08284784
0.9031585
1.591607
1.054261
0.455501
0.7298293
0.4301949
0.4886661
1.131762
0.03374375
0.2795123
0.008615004
0.1500072
0.6028504
0.752993
0.4758366
0.02370419
0.4036247
0.3639421
0.3372983
1.160749
1.285261
1.082217
0.5994751
1.227464
1.708326
0.2489851
1.548114
0.6499023
1.32173
1.477095
0.8308217
0.8604158
0.9908271
1.451187
1.504982
0.70719
1.765279
0.5564937
1.426105
0.5755202
0.0762468
0.008799534
0.5784022
1.073099
0.336628
0.3348836
0.5646448
1.532417
0.1533269
0.2072663
0.2876105
0.2056747
0.3523124
1.421532
1.561212
0.8987043
0.4959489
0.08387369
1.291284
1.185846
0.2489372
0.2747615
1.437436
1.448175
0.1799218
0.6995151
0.6550778
0.5039716
0.775441
0.4379627
0.3526396
1.497052
0.4389001
0.1239772
1.370883
0.08612428
1.725648
0.7672194
1.512517
0.026022
0.2436126
0.5258329
0.9292059
0.3534139
0.1602108
0.1796165
1.284805
1.454865
0.863483
0.6797698
0.364025
0.02374563
0.9092961
0.1340919
0.9928577
0.6921409
0.2483044
0.4987478
0.2530402
0.258487
0.3132024
0.6375998
0.2454124
0.3656445
0.153711
0.8616743
0.1777896
0.2369466
1.410867
0.979591
1.323947
0.7999326
1.434551
1.189393
0.5071843
0.4631741
1.155473
1.048167
0.4588762
0.4521371
0.8194505
0.9402002
0.5170512
0.1422497
0.1233262
0.5564715
1.581339
0.4899718
0.5150754
0.07917536
0.5185387
1.012907
0.7693046
0.2841581
0.0559998
0.4177467
0.3400556
0.973735
0.46226
0.9159941
0.5020084
1.955033
0.9489194
1.139407
0.9136296
0.3258136
1.299288
0.01478384
0.9634791
0.8708868
0.05216203
0.8996879
1.00157
1.098483
0.1038789
0.5832882
0.2969352
0.225603
1.352626
0.3802386
0.108395
0.975153
0.6995335
0.5409537
1.795494
0.9637164
0.8245001
0.01461772
0.3019831
0.9712678
0.1235781
1.105604
1.906793
0.922045
1.316667
0.5756642
0.5765246
0.03794019
0.3148427
1.301332
0.4506654
0.969209
1.242081
0.6919129
0.1872838
1.477986
0.7903172
1.232898
0.3094666
1.150011
0.03824117
0.01370667
0.3768863
1.09492
0.3055298
0.3500981
1.131408
1.132692
0.04914431
0.8917804
0.2599636
1.48404
0.2796887
0.3615953
0.630385
0.6250694
0.9428157
0.0745296
0.6541578
0.5733339
1.319743
1.508274
0.5395919
0.3945884
0.7157103
0.5621181
0.1775582
0.3169682
0.268904
0.139301
1.232937
1.291877
0.04424956
0.4883366
0.3538988
0.3706903
0.1821097
0.1810605
0.7933003
0.2362671
0.07085007
0.2717267
0.7284316
0.5307524
0.922185
0.5181994
1.197199
1.14953
0.1762365
0.6677648
1.887036
0.07816166
0.1205967
0.3133044
0.03821445
0.1961298
0.007053249
0.9749912
0.1867354
1.450893
0.9133078
0.09063229
0.07485764
1.221385
0.1207883
1.094945
0.1858621
0.4237022
0.4460284
0.1818388
0.2773964
0.8405498
0.8813537
0.9188018
0.2851575
0.3008487
0.9276371
0.6994923
0.6447783
1.169329
0.127509
0.4603335
0.6008185
1.496841
1.283759
0.3554551
1.052358
0.6683503
0.6744321
0.710134
0.1247557
0.0797986
0.2224111
0.2839619
1.110305
0.9901763
0.2184726
0.2434373
1.663821
0.03543676
1.526861
0.1726455
0.7342281
0.4511486
0.08861837
0.7199697
0.2081736
1.763919
1.353562
0.3883449
0.7589837
0.9264026
1.001673
0.1631968
0.05263719
1.550518
1.020233
0.8025249
0.2058856
1.514665
1.005099
0.8320757
0.6698592
0.873033
0.530109
0.1717251
0.6486725
0.9071406
0.3454045
0.08482781
0.3334363
0.4055352
0.1425447
0.4354776
0.4024189
0.08061086
0.3211044
0.2539585
0.2877832
0.05023449
0.4640711
1.154868
1.455947
0.3065991
0.09205365
0.3716335
0.2134345
1.481732
0.1640716
1.243346
0.978049
0.4070495
0.7771284
0.1095272
1.680747
0.07222506
0.9050042
0.7410199
0.3357528
1.893301
0.170588
0.3088721
0.3870895
0.3138599
0.2388221
0.6718679
0.9812008
1.055038
0.7291688
0.2051247
1.139293
0.8779955
0.7286658
0.7653832
0.2814131
0.2991169
1.223386
0.1651135
0.05858726
0.2050139
1.612533
0.4036267
0.3133575
0.3622608
0.1251027
0.9092215
0.2939491
0.7850712
1.630831
0.1214442
0.2580448
0.2863976
0.5565147
0.6029564
0.6819641
0.342578
0.3252993
0.1613669
0.4671439
1.008146
0.2458035
0.6382054
1.116617
0.1920631
0.4277768
0.2922743
0.663862
0.6325471
0.4795619
1.321662
1.105657
0.4722489
0.04862001
0.4197414
1.28841
0.1448885
0.8658635
0.7989866
0.38348
0.3650379
1.185477
0.1036412
0.03699412
0.5291453
0.3536343
0.9137272
1.195746
0.7399971
0.6801718
0.006477434
0.301936
1.48891
0.09550915
0.4705837
1.59194
0.0678587
0.1274496
0.656922
1.004862
0.1606298
0.4759419
1.107988
0.4620948
1.238632
0.925785
1.419804
0.3246274
1.764757
1.251531
0.506231
1.728534
1.001171
0.5319121
1.227888
0.712004
1.002224
0.4497605
0.06991232
1.601087
0.2213447
0.4700941
0.2973878
0.118518
1.161443
0.1097752
0.2580241
1.419818
0.09220224
1.125675
0.606164
0.1450309
0.4715174
0.01986616
0.5951023
0.3839415
1.159958
0.2870079
0.1687551
0.09272699
0.2265826
0.09424108
0.7809767
0.1049659
0.6361957
0.08739467
0.8267938
0.8692623
0.1683053
0.6115284
0.7737669
0.91761
0.7998176
0.1966755
0.7234903
1.281638
0.2808163
1.59819
0.704936
0.6743684
0.8428067
0.6494515
0.6535529
0.3322814
1.121393
0.1581425
0.9181086
0.3069115
1.118688
0.3149184
0.2156683
0.3706679
1.223667
0.5329034
0.8181482
0.5512616
0.7241096
0.04081646
0.4219318
0.7416732
0.363229
0.6529559
0.7509472
0.4189944
0.08159389
0.9641291
0.4716139
1.433781
0.625307
0.4005506
1.245107
0.6337836
0.1538209
0.5531575
1.079418
1.03608
0.4841525
1.592506
1.042313
1.134444
0.6318773
0.07621376
0.2563027
0.4391767
0.1511226
0.6285482
0.08974442
0.5038375
0.7610392
1.007601
1.527
0.1292621
0.3246017
0.09919948
0.0006889099
0.04326686
0.3148886
0.07819333
1.540441
0.1330519
0.3098007
0.419378
0.2731912
0.5891806
0.9587025
0.7615604
0.3344162
0.1435163
1.015246
0.8128681
1.467564
0.8240196
0.3366419
1.02026
0.721644
0.6232636
1.607722
0.7220853
0.7425636
0.5806839
0.7992902
0.3206212
1.199902
0.9705056
0.3333184
0.5725904
0.7001892
0.9887013
0.6157503
0.2541006
1.109393
0.1615463
0.08114919
1.410144
0.785402
1.178832
0.2336375
0.5689274
0.655682
0.6884973
0.04417385
0.3878761
0.5073399
0.4617663
0.2008452
1.43466
0.6916765
0.75227
1.007826
0.902881
1.396553
0.4995366
0.2585292
0.9980786
0.7728286
0.8782923
0.7489362
0.4714663
0.8354297
1.130694
0.07619731
0.8444691
0.9540242
1.073919
0.7052577
0.3862062
0.9584908
1.561104
0.1575892
1.382183
0.7433938
1.100294
0.601889
0.4944873
0.1473964
0.5449911
0.08161303
1.286929
0.01201361
0.2268335
0.4827438
0.1501101
0.9723174
1.646329
1.388048
0.5792559
0.7171092
0.3117099
0.03385664
1.591341
0.4098834
0.6972919
0.8304284
0.8829015
0.3823816
1.805175
0.8472267
0.0753307
0.5783648
0.5007538
0.09072731
0.1725625
1.034728
0.3531513
0.9838949
1.568096
0.6952138
0.7083778
0.3744561
0.1945132
0.00811
0.5170679
0.8899074
1.273706
0.9092033
0.4891744
0.9589527
0.5124425
1.233697
1.184234
1.057037
0.8528762
0.1058771
0.03343209
1.47464
0.201086
0.1032966
0.2615061
0.2217653
0.2776102
0.3300446
0.6448413
0.3645257
0.564757
0.0640937
0.2432656
1.037981
0.386585
0.06784895
0.7038737
1.555238
0.1306252
0.4461782
0.180093
0.1113093
1.686503
0.4615511
1.21219
0.1734147
0.172123
0.5729459
1.467604
0.4452751
0.3626646
0.9140011
0.657989
0.05381712
1.531431
0.1448503
0.257909
1.43069
0.1863931
0.3488263
1.160829
0.7121228
0.1858499
0.01736069
0.01417642
0.411251
0.69445
0.02358792
0.1205971
0.3518613
0.1334326
0.1906601
0.6055791
0.08309155
0.2295278
0.6447432
0.983107
0.117002
0.1268633
0.8203324
0.3252561
0.9097256
0.6151504
0.2713118
0.1028901
0.405207
0.1480954
0.4605685
0.2396348
0.965505
0.8189345
0.562061
0.5531345
0.9532232
1.076165
1.34427
0.9883604
0.1083413
0.623597
0.9993368
0.2812253
0.9131472
0.271729
0.2266366
0.0896665
0.1714579
0.6173485
0.1570053
1.277653
1.348206
1.171393
1.213262
0.2086408
0.9068078
0.3041419
0.3240351
0.4721994
0.6850016
0.6016203
0.8040521
1.035694
0.3521105
0.6377896
1.033939
0.06072584
0.5489225
0.1073328
1.209969
0.9727946
1.01452
0.4261088
0.3997046
0.2804977
0.4210115
0.4194541
0.4827583
0.9620109
1.518598
0.7854067
0.8636046
0.5675625
0.5733773
0.07168258
1.266905
1.740909
0.5017942
0.3049809
1.122294
1.55504
0.9522322
0.400964
0.03136735
1.178524
1.341506
0.3627454
1.433852
0.3242239
0.9915214
1.455459
1.389264
0.9842488
0.3611222
0.8923057
0.233645
0.499389
0.7416408
1.44199
0.9200265
0.5620974
0.223685
1.070231
1.044016
1.120097
1.236893
0.5179939
0.5271757
0.4526995
0.2770516
0.5100529
0.5912063
0.754074
0.1364161
0.2349952
0.8960759
1.088432
0.7135173
0.9189379
1.158054
0.531363
0.7404745
0.5632753
1.762198
1.730452
0.6809558
0.2536699
0.6388595
1.139706
0.5786948
0.1342449
0.1753972
1.296338
0.3021597
1.472871
1.330377
0.9654333
0.7476655
1.366417
0.08458906
0.6097365
0.1034453
0.5212206
0.2728502
1.39709
0.4338495
0.06349032
1.367162
1.710981
0.8635923
0.3515626
0.2902938
0.2139717
1.084285
0.8638801
0.4407602
0.7678712
0.3450441
0.4153125
0.5834012
0.177098
1.26347
0.8511963
0.2346964
0.5155025
0.1087573
1.441178
0.9666252
1.089456
0.2373362
0.9061111
0.617162
0.8741158
1.167243
0.3599941
1.287906
1.465527
0.6725553
0.03174502
0.4896475
0.3774929
0.0363985
0.08420814
0.2210884
0.06125194
0.4737215
1.772628
0.8041535
0.5361057
0.473719
0.3818287
0.09774323
1.312557
1.749953
0.6760201
0.4700658
0.04134253
0.6293548
0.004720493
0.1999477
0.8581736
0.1711839
0.01963533
1.172509
1.075423
0.3775883
0.0441483
0.4778354
1.768451
0.8461849
1.133309
0.2401738
0.7482576
0.0402538
0.5243073
0.4083758
1.011107
0.2455458
1.107259
1.566929
0.9322599
1.010339
0.03754228
0.05057374
0.107268
0.4632516
0.9840946
0.6239803
0.9468313
0.01487203
0.08469503
0.2089052
1.568771
0.2860217
1.134951
0.1709329
0.4450015
0.2089755
0.1908013
0.3936244
0.03771541
1.009658
0.2144622
0.8560543
0.3932675
0.8888678
0.0900652
0.1022681
0.2601087
0.8012885
1.349193
1.435275
0.6332316
1.192202
1.008089
0.4489987
1.055741
0.3495675
0.3852557
0.3864418
1.471154
0.4698422
0.8226847
1.558313
0.1888331
0.5040492
0.6612328
1.216949
0.9095099
0.7552629
0.9136639
0.8883518
0.3392146
0.8321325
0.702072
0.1982171
0.3774571
0.4070466
0.2308792
1.364259
0.5330658
0.5718115
0.8910606
0.005757228
0.6169543
1.114553
0.4462532
0.8443161
0.3726573
1.121161
0.9785865
0.5623762
0.905979
1.117342
1.329341
0.254101
0.5636329
0.927738
0.3061046
0.3331116
0.8080048
1.181122
1.167545
0.8047456
0.7178858
0.1586563
0.9281491
0.817152
0.9868861
0.811032
0.4923965
0.6499461
0.1433108
0.7238316
0.7181505
0.8332664
0.1368045
0.1722272
0.3468588
0.2835598
0.1160563
0.2379639
0.2189141
0.06571356
0.1614034
0.6205544
0.1094851
0.2048681
0.9426944
0.8895613
0.5790732
1.224106
0.1019509
0.3306314
0.6273346
0.746061
1.06147
0.03296012
0.9854986
1.961341
1.486346
0.3515165
0.3612698
1.277144
0.6271599
0.09657686
0.0670471
0.6061434
0.2998766
1.713528
0.8013481
1.667858
0.31436
1.257363
0.7043963
0.02343929
0.2196302
0.4950497
1.069202
1.274485
0.1006834
0.3965113
0.3731576
0.7796655
1.615322
0.1550375
0.7253251
0.005772694
0.2343082
0.06616358
1.777769
0.0280915
1.515089
0.2839986
0.4872853
0.06797851
0.5550631
0.2084111
0.07514112
0.6552064
0.2738448
1.294255
0.09112598
0.2180932
0.7410921
0.48668
0.2742505
0.7678858
0.932494
0.04456074
0.9046424
0.019134
0.8725156
0.03411271
0.8338697
0.3391736
0.1517781
0.6931453
0.9488008
0.5318973
0.3152785
0.5638614
1.104159
1.621634
1.257544
1.666997
1.364228
1.406649
0.8792811
0.2714153
0.1686531
0.02122282
1.213043
0.2871805
0.4240586
0.3414431
0.6600379
0.2658888
0.2364665
0.9875666
1.036922
0.2604294
0.4895083
0.9374742
1.155038
1.115103
1.239023
1.216388
0.6993137
1.063828
0.1434201
1.158146
0.5168768
1.364008
1.503784
0.126138
0.0672796
0.2639216
0.4138219
1.112184
0.8669809
0.7806096
1.22149
0.3071298
0.5186143
1.143249
0.6258512
0.1821686
0.6431647
1.786208
0.7766906
0.6336728
0.5288836
0.6886939
0.1033376
0.9029462
0.4194987
0.7545251
0.9534048
1.771603
0.02643338
0.1392948
0.3888285
0.3969491
0.04315146
0.1748009
1.056935
0.3518403
1.054744
1.324982
0.3559934
0.2143468
0.1546468
0.2252695
0.1905452
0.1899558
0.1616109
1.068623
0.4398825
0.1573331
0.7846089
1.426755
0.004036766
1.172384
0.8583813
0.05261654
0.9066434
0.1477282
0.2427157
0.3140382
0.389414
0.5719225
0.3551586
0.1632238
0.6640964
1.175363
1.464729
0.1334546
1.132643
0.198843
1.474264
0.4675309
0.07595491
0.3414438
1.547363
0.1452838
0.2338967
0.8240512
1.211083
0.5177552
0.9099934
0.4443237
0.4607809
0.4144781
0.8470024
0.0691933
1.061052
0.8241811
0.4131597
0.7625426
0.2609406
0.2735535
0.6712622
0.6839501
0.7798223
0.4946883
0.4599023
0.2085968
0.1450685
0.4910893
0.3484059
0.1006461
0.06852087
1.32713
0.8965441
0.1165179
0.03634712
0.9930353
1.160361
0.0156024
0.4119833
0.3608264
0.1651002
1.886968
1.419512
0.1018556
1.356585
0.9373877
1.015277
1.371098
0.7413047
0.9670943
0.5134179
0.07235965
0.2605812
0.4127867
0.01778171
0.07192371
0.1639575
0.858749
0.08423033
0.4732458
1.01748
1.091117
0.5735984
0.07838651
1.494414
0.3871554
0.447227
0.0890995
0.5992338
0.9778439
0.3054398
0.03157983
1.393954
0.05049662
0.05512256
0.8119861
1.218811
0.2106896
1.087307
0.4357727
0.3126695
0.1345146
0.9761008
0.3036243
0.08365815
0.979271
0.4097191
0.9618495
0.6798926
1.926613
0.5125745
1.101594
0.1716466
1.291463
0.7913276
0.3519364
0.123994
1.059504
0.2168208
0.1163601
1.169798
0.2920702
0.523049
0.3016898
0.5318777
1.158669
0.2370114
0.6943277
1.070174
0.6396858
0.04347319
1.400656
1.30087
1.721992
0.9714649
0.5715347
0.7670024
1.32234
0.09682958
0.9684466
0.6323912
0.8458592
0.5430571
0.3268344
0.8338892
0.07356964
0.3807272
0.8502098
0.7643824
1.270301
1.418059
1.323099
1.317739
0.9316888
1.119114
1.001462
0.2467537
0.3701737
0.1003948
0.4584578
1.799461
0.9152307
0.2186808
0.4684127
0.08734191
1.349976
0.07850871
1.230751
1.103639
0.8283381
1.088675
1.060409
0.8312808
1.597542
0.1552347
0.7672879
1.078633
0.7298119
0.2345552
1.030216
1.355306
0.1302735
0.252204
0.2481981
0.9877592
1.105276
1.261873
0.7616559
0.6162636
1.120866
0.3394788
0.2156662
0.04253811
1.210477
0.08988739
0.0228076
0.001976426
0.5899682
0.3819357
0.7567136
0.2456155
0.4182782
0.8693991
0.8288082
1.453938
0.2364546
1.657863
0.9195405
0.5589403
0.1270215
1.489634
0.4412556
0.9231137
1.049428
1.04964
1.101452
0.3990446
1.067282
1.667354
1.46379
0.3756272
0.05676556
1.09813
0.8307901
1.521018
0.1435449
0.2487831
0.5907638
0.0449458
1.33942
1.420335
0.7499459
0.2258478
1.286312
0.2692999
1.077965
0.8375916
1.221512
0.5018264
1.338007
0.304923
1.252411
0.6070689
0.5846721
0.0668751
1.140373
0.08803327
1.395671
0.1756379
1.502048
1.054632
0.5158413
0.2929635
1.262189
0.4575244
0.916841
0.7638754
0.2453697
1.01826
0.9909693
0.3999155
0.09797513
1.375626
1.132269
0.712664
0.2351673
1.772443
0.1761473
1.197578
0.9624244
1.128671
1.151321
1.061627
1.451024
0.8821527
0.1521232
0.0503034
1.016722
0.4002077
0.6681505
0.5339843
1.197316
1.337721
0.8268298
0.5936852
1.806397
0.170552
0.96831
0.5655265
0.5429809
0.6225981
0.1419823
0.6114438
0.4195917
0.4459332
1.47487
1.665754
1.18705
0.4783153
1.010807
1.04658
1.315496
0.4112398
0.03029494
1.003811
0.2355122
1.876197
1.688399
0.5330033
1.657409
1.079177
0.8223781
0.6809033
0.1962505
0.3134872
1.142188
0.1921642
0.5549015
0.4534984
1.738024
0.01334885
0.01528805
1.068536
0.1874151
0.2922355
0.04341133
0.3028435
0.7485686
0.3973204
1.013954
0.1995744
0.8662202
1.190299
0.1440496
0.4245183
1.49172
0.705744
1.209649
0.2259074
1.189547
0.7441348
0.2048223
1.296748
1.191539
0.1383517
0.1589015
1.496698
0.04141729
0.955291
0.2493924
1.156624
0.04223569
0.5505925
1.154768
1.117781
0.9788547
0.4046927
0.01085776
1.250257
0.1764658
0.3371149
0.7050639
0.2222801
1.46124
0.1034174
0.02981274
0.6941876
0.9705614
0.6341349
1.107426
0.6735876
0.8897281
0.2420098
1.002521
1.526359
0.9487846
0.5763669
0.2424221
1.144339
1.253453
0.9525076
1.563964
0.1037733
0.8568546
0.02243035
0.2490901
1.59934
0.5475763
0.3994133
0.7338441
1.190549
1.276938
0.4038065
1.100049
0.08624761
0.9207462
1.832756
0.3986628
0.3796411
0.8037765
0.6891071
0.9585822
0.3223579
1.053756
0.4380981
1.075735
0.5407944
0.3497105
1.227865
0.1124846
0.8601113
0.03876519
1.171141
1.588613
0.2950659
0.8551654
0.4585319
0.4849833
0.5772225
0.9407958
1.360908
1.103455
1.263914
1.000735
0.481164
0.2866418
0.05827944
1.179039
1.53029
1.29624
1.334931
1.598199
0.6003863
1.499527
0.08508405
0.7379345
1.000911
0.05335846
0.6716731
1.270519
0.1651839
0.5315227
0.9932037
0.5491952
1.08143
0.2915712
0.6853781
0.4447775
1.018518
1.126133
0.539801
1.213087
0.4633588
0.5547995
0.04970299
1.386396
0.8235456
0.996717
1.65578
0.2814937
0.1602879
0.7413051
0.6389428
0.6377365
0.5163359
0.8230302
0.05898628
1.227856
0.05430979
0.358872
0.2246845
1.084854
0.2194637
0.817204
0.1749498
0.7785796
0.3064184
1.720977
0.02134598
0.6990367
0.2253563
0.28606
0.04744455
0.448328
1.135688
0.8219083
0.3958737
1.547443
0.6715398
0.09166774
0.474203
1.124818
1.491255
0.6578959
0.4932084
1.194761
0.3347051
0.6224959
0.8988894
0.8828694
0.4053802
1.544513
1.28815
0.8069106
0.6982534
1.313752
0.9554605
1.010184
1.270827
0.05628984
1.095111
0.2942101
0.09562614
0.09381798
0.9065205
1.5518
1.19348
0.1929706
0.6483034
0.6718059
1.224047
0.5750968
0.888104
0.6868853
0.2413904
0.1073725
0.7308827
1.36722
1.418525
0.9715435
0.2108922
0.5638757
0.368121
0.9083519
0.1721549
0.6472569
0.009690847
0.4295357
0.3846169
0.6823958
0.9299467
0.08753631
0.7947551
1.105772
0.4332142
0.3395318
0.2966784
1.571698
0.224659
0.935171
0.2941109
0.5107517
0.2882985
0.05076106
0.02298483
0.9528486
0.01838042
0.2836162
0.3542307
0.4574707
1.510415
0.1137839
0.3173855
0.8214709
1.089771
0.6998456
1.284522
0.3876122
0.9077787
1.221891
0.8312297
0.7616895
0.3062373
0.3144162
0.188323
0.07696396
0.2990278
0.1607279
0.8952693
0.3400198
0.7122236
1.158251
0.6590127
0.6583276
0.1562323
0.1754167
0.5660181
0.9864342
1.278357
0.1245933
0.582823
0.3769181
0.08070491
0.5491756
0.1252904
1.294742
0.9047965
0.3383908
0.5405341
1.203163
1.679118
0.3848477
0.3912576
0.3809098
0.6649074
1.28981
0.342069
1.073256
0.7931293
0.1169418
0.9391283
0.7144963
1.607444
0.001756956
0.3516323
1.038647
0.2162056
0.3205775
0.587293
0.1924672
1.012205
0.8055392
0.2237143
0.2166993
0.7692137
0.689518
1.309189
0.9656141
1.186138
1.301946
1.391732
0.5144825
1.371215
0.3409399
1.881893
0.6671454
0.2558059
0.9552846
1.478936
0.6228667
0.7502954
0.547438
1.478594
0.4835134
0.9351508
0.4760761
0.4727314
1.085366
0.5427417
0.4706687
1.312068
0.06063342
0.4669454
0.1486491
0.6899584
0.6950967
0.5941239
1.112792
1.637447
1.582577
0.6251612
0.242235
0.9154882
0.6173072
0.3251142
1.05646
0.4573306
0.8869703
0.6273592
0.4190277
0.2372003
1.522071
1.665896
0.9703978
0.1073944
0.5175731
0.4442693
0.6802813
0.438957
0.005562962
0.6543745
0.681734
0.08133576
1.632021
0.9212869
0.3533897
0.9412767
0.7775934
1.349789
0.3226069
1.129884
0.8325553
0.7367293
1.167306
0.6814684
1.283042
0.4604631
0.67041
0.3204183
0.6758128
0.2087618
1.120705
0.08879499
0.08141601
0.6106501
0.8983411
0.7779119
0.1948115
0.3686665
0.4677989
0.2463462
1.456927
0.0181196
1.01209
0.665758
0.8783085
1.42161
0.3192249
0.7894344
0.7262657
0.2416161
0.4872627
0.6382781
1.129231
0.05666552
0.5788066
1.048635
0.3326378
0.005187003
1.112865
1.196554
0.2456301
1.338655
0.7781595
0.4008062
0.1543723
0.5314357
0.9067323
0.6246542
0.2507392
0.1373528
0.5809293
0.2532161
0.1061334
0.3100581
0.2334284
0.7461751
0.4725461
1.512284
0.7615158
0.9055036
0.7883957
0.3844697
1.004706
0.7018284
0.4913472
0.4113162
0.5018336
0.005897945
0.3310787
0.3241304
0.8889566
1.543362
1.403271
1.228915
0.5359427
1.417308
1.608118
1.553973
0.5855604
0.233596
1.493724
0.634513
0.4456659
0.229497
0.6617232
1.610743
0.1920601
0.1543145
1.1686
1.346408
0.4179273
0.3224544
0.8545042
0.557975
0.1250972
0.2807431
0.8441799
0.1231386
0.4115315
0.5562396
0.7405967
1.586419
0.9574073
0.7973981
0.636305
1.201611
1.148743
0.9866401
0.9305768
0.205857
0.242255
0.8240304
0.5619698
0.5607484
0.2226246
0.1693883
1.450967
1.781128
0.1927201
0.4144145
0.03189533
0.9256645
0.5182434
0.3201552
1.339338
1.048985
1.172813
0.1431277
1.219644
0.02899736
0.49868
0.3059754
0.2031301
0.303374
0.1838464
1.75098
0.2412971
0.2240471
1.054561
0.1577383
0.3547152
0.07396671
1.296363
0.2001725
0.2649473
0.2044361
1.0294
0.433071
0.4049195
0.3702841
0.1621915
1.512974
0.6129563
1.233044
0.7333864
0.08026595
0.005633819
0.07642451
0.1883393
0.1466019
0.01868626
1.127766
0.112078
0.1935046
0.2200173
1.199461
0.975952
1.483945
0.001876629
0.1419819
0.629959
0.7253982
0.2617848
0.01414436
0.5332724
0.2153238
0.8162029
0.01004586
0.5588523
1.652185
0.4597206
0.4385347
0.2325781
0.7852179
0.7377763
1.216863
0.8927822
0.7548446
1.105877
0.3934558
1.039387
1.06415
1.556606
0.1966095
1.346121
0.2045609
0.6136435
0.3923249
1.450038
0.119064
0.5495251
0.1665286
0.5321649
0.1528947
1.039342
0.5405628
1.200401
0.9903464
0.4137797
0.5135988
1.295651
1.020963
0.03853795
0.084887
1.325679
0.4487984
0.7460349
0.2474309
0.791097
0.6222437
0.0520239
1.161782
1.250787
0.2599286
0.4855119
0.02144864
0.1604136
0.9260722
0.4728896
1.0851
0.7185262
0.5092472
1.290389
0.1923906
0.6683427
0.05125842
0.891803
0.3581806
1.221472
0.296632
0.3561478
0.6349467
0.9696749
0.200743
1.142484
0.4670844
0.4526279
0.1611471
0.1382568
1.776732
0.7156477
0.8238956
0.1312046
0.09344931
0.3794777
0.826334
0.8195405
1.061579
1.391059
0.1910719
0.5444332
0.8417008
1.386035
1.030584
0.1101611
0.3955729
0.05161109
1.666187
0.5365316
0.3853375
0.3770926
1.310023
0.8066372
0.2248444
1.061028
0.2993825
0.1432437
0.5492711
0.5178043
0.8710398
0.5404753
0.1816165
0.5009872
1.191422
0.1077969
1.057719
1.103526
1.132134
0.1020836
0.5553196
0.3124015
0.0001594269
0.6981291
1.01736
0.2933588
0.7174003
1.416077
0.120393
0.1615273
1.361511
0.9726589
0.852007
0.8233446
0.2525123
0.6820984
0.2456408
0.1335176
0.9735788
1.846711
0.6965567
0.4536805
0.5484906
0.259884
1.240908
1.370405
1.569877
0.6314887
1.75068
0.0116444
0.4521779
0.5594427
1.698217
0.3239696
0.05914582
0.2142794
0.304195
0.1278197
0.3308915
0.6607853
0.05997991
0.1382409
0.02656402
0.9207079
0.9925426
0.5182131
0.5475876
1.62335
1.535592
0.9918501
0.2396222
0.7158397
0.4272685
0.8811399
0.04240437
0.9895082
0.6684828
0.4144745
0.9149836
0.1750841
0.05864055
0.298622
1.702818
0.941139
1.233578
0.7864682
1.586583
0.3772892
0.176518
0.04421814
0.581582
0.7842461
0.1335931
0.3188983
0.6638657
1.495304
1.694529
0.02171802
1.574439
1.743146
0.7865337
0.7004897
0.3845657
0.338221
0.4759163
0.2480146
0.8773206
0.01048874
0.361594
0.7058205
1.504263
0.02532901
0.3329898
0.64845
0.1748127
0.09717998
0.2519567
0.7376989
0.5817544
1.219116
0.1354904
1.391904
1.652131
0.1520702
0.8670884
0.6093165
0.07676633
0.05935827
0.27694
1.073176
0.4678344
0.5265432
0.344491
0.9078568
0.001209442
0.02711378
0.6440936
0.1135063
0.6862413
0.444394
0.1933865
1.266539
0.4223468
1.379665
0.2245841
1.333707
1.146536
0.2822893
0.245308
0.5217586
0.8755879
0.1165681
1.697992
0.2516116
0.9126671
0.04493493
0.531556
0.3076294
0.826795
0.3626456
0.3105019
0.3345402
0.223073
0.4050451
0.9302051
0.3153582
1.050471
1.475168
0.5428509
0.8216959
0.7059689
0.3101443
0.03818762
0.3088931
0.8116634
0.4496677
0.1666659
0.08205009
0.3791937
0.6314913
0.06977989
0.01379972
0.5288532
0.6911498
0.5687842
0.3774644
0.94299
1.844351
0.8032601
1.011422
0.2763011
0.06566871
0.3523032
1.134931
0.1095305
0.54196
0.2180795
1.753723
0.5256812
0.2350865
0.1152546
0.3578281
0.7629321
0.383796
0.823752
0.6497059
0.03368214
0.8629551
1.792411
1.960978
0.4437209
0.8326347
0.4351679
0.3527269
0.7401098
1.213394
0.2943051
1.39349
0.419129
0.786041
1.450093
0.7363701
1.395447
1.045057
0.09262961
0.5543341
1.841025
0.4544732
1.330378
0.5540137
1.145111
0.214214
1.207668
1.445102
1.342059
0.04937014
0.331848
0.3795495
0.1611887
1.030452
1.437668
1.076853
0.1659791
1.407071
0.4179883
0.7408116
0.3787937
1.575329
1.144874
1.217673
1.119397
1.216578
0.6541631
0.7683549
1.019094
0.6035432
0.1594409
1.212579
0.6367942
1.151418
0.9123677
0.1338927
0.9817628
0.1594616
1.307862
0.4135292
0.5313396
0.3764278
0.8919256
0.2366479
0.4288063
0.2472712
0.9334224
0.6002717
1.136731
1.774292
0.4664606
0.9950048
0.9936803
0.8653958
0.04186092
1.417814
1.382975
0.09953499
0.3909952
0.1742724
1.246017
0.418427
1.425261
0.7232416
0.009031074
1.296145
1.770104
0.1249407
0.8693539
0.2691112
1.468013
0.1449781
0.05151289
0.04658925
0.4371486
1.183384
0.2563511
0.9155898
1.486613
0.2819909
1.817764
0.1870588
0.1891105
1.486395
1.34951
0.1227776
0.7933719
0.4137035
0.391819
1.634522
0.2674971
0.123551
0.428721
0.4318074
0.1641946
1.007231
0.002169976
0.965104
0.02305766
1.135505
0.799128
0.993513
0.5720567
0.5510444
1.255728
0.249375
1.113403
0.843167
0.9719356
0.8147441
0.6524655
0.2883999
0.9009246
0.3541322
0.2028625
1.00048
0.1143296
0.3250972
0.4087252
0.9410218
1.318248
0.07884591
0.1057193
0.9209777
1.157122
0.04123447
0.5594771
1.15931
1.085443
0.8686235
0.1706315
0.7083525
0.3608649
0.5012353
1.749469
1.253414
0.7079314
1.392438
1.069036
0.1208271
0.8333613
0.4919764
0.08362128
0.1210716
0.961703
0.5067414
0.5376049
1.800159
0.2981952
0.918696
0.5005433
0.010293
1.496768
0.7616464
0.2835767
0.2918992
0.1035362
0.7801518
0.1917113
0.01516605
1.638774
0.6796867
0.7571689
0.0773356
0.2087283
0.4095714
1.557823
0.7409659
0.4504847
0.3524052
1.001533
1.721372
1.747743
1.490307
0.1662431
0.2570152
0.4372578
0.9925672
0.4787388
0.7509668
0.8969567
0.2677489
0.02646583
0.318758
0.3006254
1.565008
0.3779187
0.5219417
1.135951
0.1408911
1.046207
0.7085761
0.1545979
1.174699
1.03051
0.3486016
0.02835983
1.08404
0.3537602
0.1914337
0.5534788
1.399801
0.559135
0.8384264
0.3818797
0.6461941
0.4410485
1.676643
0.08778468
0.156101
0.9792746
0.05241659
1.37974
1.230841
0.004237657
0.08816997
1.77541
1.015675
0.829626
0.1939145
0.5984426
1.240572
1.520833
0.248775
1.040513
0.2970041
0.9940987
0.1377974
1.062242
1.209774
0.4495747
0.09482851
0.2667659
0.0528391
0.1920714
1.267637
0.5436515
1.16755
0.2806325
0.5935809
1.680705
0.6815845
0.3020394
0.07692725
0.4744422
0.08434491
0.09280762
0.8252329
0.6678042
0.05577849
0.3157968
0.511084
1.399309
0.4793862
1.582695
0.01162546
0.5938723
0.2360939
0.05925923
0.4191311
0.7921891
1.44909
0.6739108
0.9502469
0.2724987
0.2435767
0.7950193
0.1753446
0.1553129
1.73295
0.4790132
1.414272
0.3207247
0.6250604
0.308774
0.6380476
0.4097917
1.057286
0.828614
0.2410826
1.470361
0.198508
0.09547162
0.568727
0.3917012
0.9879577
0.324264
0.1663896
0.0747998
0.2469252
0.2967716
0.5235298
0.6754803
1.436377
0.7965573
1.170851
0.2098434
1.254639
0.4978506
1.118948
0.9487182
0.2237315
0.708733
1.778395
0.9030504
0.9257867
0.3332848
1.232095
0.4595302
0.1830555
0.2119349
0.0007579794
1.17295
0.9849534
0.8064294
0.5676611
0.01618421
1.041652
1.094863
0.5375756
0.164222
0.9261343
1.342605
0.2126567
0.3422121
0.9476879
0.7596303
0.4077349
0.6102032
1.639741
0.8388643
0.4287242
0.9691658
0.8791085
0.5837789
0.07053495
0.07693679
0.1491546
0.3650738
0.5408932
1.478419
0.2856101
0.8182847
0.454102
0.03793432
0.5971471
0.9418502
0.48467
0.3300869
0.123653
1.412488
1.7736
0.7795299
0.4431896
0.3370065
0.4309528
0.2542517
0.8597726
0.9376617
0.5534433
1.291878
0.6567571
1.254904
0.2402655
0.2644867
0.6107614
0.9081546
0.1024167
0.3352409
0.4362034
0.9845924
0.7161214
1.431884
1.059725
0.986362
0.1761019
0.5353794
0.827754
0.6897225
0.6254018
1.86107
0.2754586
0.7229055
1.25312
1.473378
0.3685546
0.04292896
0.1045977
0.04027666
0.06705478
0.5838496
0.3511202
0.06044591
0.3962943
0.2744504
0.0932805
0.2759417
0.5370576
0.2719559
1.208498
1.37005
0.8089997
0.2976299
0.2289393
0.4144929
0.9195367
0.05922896
0.04968473
0.3191367
0.118862
1.536171
0.4782977
0.5561545
0.1022123
1.662626
0.4609937
0.1668339
1.294227
1.678285
0.3712293
0.6547267
0.3243099
0.3070625
0.3559245
0.7677567
0.1093257
0.1760659
0.4057417
1.064515
1.263131
0.6480018
1.121674
0.09202215
1.22327
0.5629948
0.1525021
1.017642
1.12567
1.23741
0.02306475
0.2311197
0.3916632
0.2323565
0.1477648
0.2421719
0.8929856
0.3295186
0.9657397
0.4757448
0.8716022
0.5383176
0.2639551
0.2760363
0.7630537
0.6736679
1.11107
0.8850588
1.152798
0.1331536
0.8231293
0.009259748
0.4565907
1.340767
0.1009454
0.08548869
0.3030106
0.98982
0.08830623
1.200465
0.4108282
0.1992489
0.06763677
0.2666514
0.202301
1.378355
0.2648599
0.7259316
0.4329179
0.7107472
0.5689645
0.959143
1.003643
1.062576
0.06548107
0.9418171
0.1344072
0.3863973
0.2312377
0.6698544
0.7052327
1.526127
1.500401
0.4127261
0.4850108
0.6372983
0.4796381
0.4228393
0.532391
0.6313746
1.464964
1.472446
0.2861777
0.5160622
0.08251891
1.372041
0.0393811
0.02557828
1.300881
0.3983931
0.05602428
0.5328913
0.02767174
0.3110677
0.1665054
0.3441621
0.9784775
0.4048943
0.1573189
0.5382473
0.6076939
0.1651406
0.8481333
0.7699236
0.4626017
1.167542
0.2519081
1.251699
0.7099608
0.4971368
1.405522
1.372515
0.8835142
0.5795257
0.5311306
0.2378106
1.332966
0.3049486
0.1926069
0.04740842
0.3632474
0.2387527
0.2677447
0.1707392
0.7515467
0.5722715
0.5236551
0.0569654
1.080053
0.7549048
0.5435364
0.240014
0.8893252
0.4238657
0.1460831
0.9251251
1.443457
0.5215588
1.159741
1.014096
0.7564211
1.113604
0.6576136
0.1491956
0.7631642
0.4547923
0.3872073
1.025939
0.1191965
0.1274825
0.7103847
0.7075978
0.02814305
0.7265453
0.1330387
1.747794
0.7114749
0.6231216
0.414898
0.8841412
0.008380545
0.07727426
1.043424
1.746184
0.596936
0.9126335
1.002515
0.5739116
0.9060335
0.4697089
0.1250874
1.140559
0.8250172
0.8674805
0.8947428
0.06862762
0.1197732
0.1364871
0.1722655
1.490985
0.816675
1.655143
0.4766784
0.1283343
0.7710996
1.220308
0.7932115
0.6073423
0.7051978
0.668732
0.4498206
0.7381694
0.1875187
0.03061225
0.512098
0.7034625
1.364016
1.536111
0.5190544
0.8617458
0.3610992
0.6781563
0.6321224
0.6530699
0.6844014
0.9402925
0.2468621
0.3173846
1.297473
0.8540455
0.4998415
1.753241
0.8273888
0.04153617
0.4042998
0.233982
0.3110727
0.2796951
0.8247799
0.6776894
1.534665
0.2733625
0.3165257
0.6163309
1.385017
0.7855545
0.2237382
0.5890534
1.130878
0.09493903
1.216249
1.16202
0.1294807
0.08692867
0.6103698
0.1273955
0.8503729
0.5703968
0.0584844
1.166453
0.5676916
0.07216687
0.2584907
0.3068904
0.2817677
0.535814
0.03009427
0.3535814
0.9414798
0.1276011
0.4511404
0.2358935
0.52135
0.05267579
0.009361469
0.08741365
1.120129
1.450463
0.8439279
1.134601
0.06889153
0.07166795
0.2735576
1.32287
0.4719741
0.3206122
0.7713004
0.07443798
0.2506606
0.8040663
0.7687567
0.05787555
1.001765
0.04610028
0.0398185
1.321072
0.9445936
0.1535725
0.04969123
0.2542295
0.5581693
0.3242148
0.2161232
0.2408173
0.4686454
0.2946013
0.4993287
0.6027708
0.1282084
1.476177
1.336069
1.202491
1.174498
0.4494019
0.3653244
0.2731801
0.1990941
1.311095
1.447827
0.7805592
1.333066
1.471761
0.02378631
0.667431
0.9017958
0.2447256
0.273457
0.3053227
1.717316
0.1571842
0.5941834
0.8567693
0.9131579
0.1134788
0.2911532
0.4573851
1.227108
0.5793758
0.4170445
1.731713
0.8218491
0.01398219
1.097058
0.6701835
0.8303783
0.6535003
0.410239
0.1412087
0.6680751
0.8863413
1.222703
0.325826
0.05710415
1.349488
0.002948114
0.8451286
0.1126548
1.228579
1.447581
0.1105603
1.096437
0.4441476
0.3114907
1.10836
0.2125782
0.3264418
1.13049
0.1192057
1.656512
0.4729269
0.06001919
0.4481324
1.236983
0.01542737
0.7992704
0.390033
0.6824078
0.3809031
0.8472816
0.03180469
0.7992913
0.1654364
1.552943
0.9518916
0.008274238
1.02174
0.6672864
0.1797132
0.5724046
0.1562521
0.4622348
0.1541634
0.5577956
0.4360037
0.3703886
0.5759784
1.267461
0.4491807
0.836866
1.88981
1.403972
0.1914124
0.5808281
0.2307949
1.272939
1.259629
0.02089299
0.5622608
0.142715
1.032025
0.4274676
0.9395821
1.560756
0.3948674
1.555998
0.05007224
0.5556637
0.821124
0.6314128
0.7081074
0.6065386
1.561564
0.08957576
0.6110624
0.1260419
0.6305844
0.5734569
1.206646
0.2701773
1.298166
0.6211435
0.2039934
0.8424303
1.521266
0.4375469
1.222922
0.3720761
0.2857443
0.8577255
1.66515
0.2017105
0.7417714
0.7528514
0.5461831
0.8487238
0.2425357
0.3927531
0.1335245
0.1546201
0.8504758
0.2013878
1.096803
0.1826151
1.592249
0.06741398
0.1718491
0.5757494
0.9669803
1.560401
1.404193
0.2729544
0.952418
0.1190402
0.3280985
0.868635
0.2851535
0.2838697
1.118812
1.105652
0.1920112
1.495496
0.4152486
0.07291689
1.738014
0.2948142
0.1500709
0.4759557
0.8232679
0.3240842
1.484891
0.5874044
1.388577
0.02930028
1.039555
0.305612
0.3445343
0.7153751
0.1647377
0.02520016
0.5889204
0.8635564
0.5529306
0.2976476
1.601065
1.137868
0.9547012
0.1915113
0.7201153
0.7012332
0.2340102
0.8546735
1.539828
0.4857156
0.9448128
1.001944
0.9851206
0.432152
0.1708379
1.110115
0.939501
1.141117
0.7671593
0.2585498
0.1700574
0.9075095
0.14769
0.3116061
0.7749412
0.4312514
0.07597747
1.290675
1.591825
0.4429035
0.5762186
1.755734
0.970447
0.1075381
1.767556
1.434523
1.156076
0.2966626
0.3412868
0.5171657
0.4182049
0.219198
0.4557502
1.003785
0.2230359
0.871431
0.9640837
0.6223138
0.7147829
0.3756409
0.1169387
1.178062
0.7308553
1.63554
0.4578801
0.2126543
0.6360329
1.631812
0.1428372
0.1763116
0.2316634
0.5427052
0.4243757
0.9149474
1.174673
0.7314169
1.301983
0.3523759
0.07693197
0.8829119
0.8200712
0.893208
0.6871652
1.023314
1.021336
0.2656747
1.509569
0.5335713
1.278184
0.5017462
0.2762368
1.801516
0.4953766
0.3254021
0.0744283
0.6511389
0.1446391
0.0498586
1.691294
0.5633382
0.6633509
0.09499619
0.3161096
0.2921078
1.363139
0.2768869
1.279809
0.4148884
0.1313682
0.1923922
0.5126897
0.2923635
0.07295958
0.6899442
0.04297126
1.624122
0.893568
1.297875
0.7441643
0.4803725
0.09650834
0.2489397
0.02344804
0.3678109
0.3395808
0.08206008
0.045913
0.4203896
0.5337692
0.6703336
0.1727225
0.2714699
0.09114913
0.6734661
0.5753931
1.269311
1.040351
0.3588769
0.7040802
1.091892
0.2973258
1.513092
0.6623714
0.143916
1.056755
0.2597546
1.099511
0.0006473709
0.9477499
0.9980538
0.7269726
0.4595587
0.2656338
0.4641674
1.134636
1.72948
0.6438549
0.5368174
1.139401
0.6238593
0.9469268
1.083851
1.422093
0.08491477
0.7960417
1.168538
0.9094886
0.3822601
0.2673225
1.278167
1.048485
0.07411658
0.7451059
1.423499
0.6572891
0.5463878
1.18856
1.1199
0.2573866
0.9276044
1.296405
0.8831849
0.07164953
0.02776804
0.495716
0.01004008
0.0918979
0.9696523
0.5500505
0.1726169
0.2658819
0.8974774
1.303145
0.8522462
0.2383427
0.8699592
0.2979409
0.4030881
0.5096663
0.04446007
1.226802
0.284926
0.2205951
1.301376
1.456879
0.6228835
0.347878
0.9749548
0.7716918
1.412383
0.6054721
0.2324711
0.1125731
0.01894703
0.02742593
0.684042
0.1658353
0.7110149
0.3717858
0.3855239
0.2475557
0.1444758
1.08947
0.7012608
0.8080422
0.2442598
0.09550222
1.566392
0.9161627
0.8819962
0.92547
1.278791
0.1873733
0.2137844
0.9306263
1.146707
0.4751344
0.6183212
1.029713
0.5798934
1.031856
0.4367749
0.3188853
1.312904
0.6091014
0.3621058
1.266784
0.05526996
1.28418
0.03229002
0.5551127
0.119396
0.325459
0.4353744
1.496127
0.5808569
0.7879724
0.3109943
1.014913
0.3310265
0.06813975
1.052786
0.07305583
0.05847845
1.575734
0.3392281
0.774753
0.460552
0.3043952
0.02582192
1.169007
1.082835
0.9012567
0.1353919
1.067671
0.1967709
0.2270823
0.1483748
1.415824
0.8638515
0.08982832
0.7392752
1.312369
0.2563629
0.0454846
0.5926878
0.5953839
1.020665
0.9953092
0.4636926
0.2459179
0.07006945
1.186564
0.5405145
1.535698
1.001591
0.7472523
0.5262246
0.7490156
1.486758
1.374823
0.05141962
0.4409863
0.1931918
0.6210284
0.27261
0.4313914
0.08857619
0.2691375
0.4449394
0.2144485
0.0275394
1.309878
1.080533
0.28663
0.316387
0.7070324
0.6736817
0.7603489
1.644009
0.8379788
0.1185083
0.4995976
0.3394802
0.903908
0.3742837
0.5256416
0.589832
0.4519042
0.05690957
0.1347745
1.826037
0.8026193
0.1302405
0.00193648
1.353052
0.1494951
0.1338057
0.2149095
0.03109378
0.8613792
1.011768
0.7170542
0.02528991
0.1102246
1.514129
0.2951046
0.5573821
1.387484
0.5598969
0.005189019
1.259532
0.6186587
0.6336875
0.7259928
0.9453435
0.6749125
0.5057728
0.7210653
0.9548018
1.338997
0.982854
0.3970366
0.01963262
1.469272
1.318025
0.3104417
0.9112549
0.1595553
0.761695
0.3408956
0.6950342
0.2953423
0.8278931
0.1323201
0.6417132
0.04543112
0.7047203
0.6070509
1.171838
0.5062992
0.4958468
1.457483
1.969638
0.1733174
0.7204437
0.1142397
0.2242177
0.4282504
1.283878
0.7590624
0.002274659
0.2612975
0.2492808
0.586881
1.122232
0.7157896
1.332367
0.01519685
1.138722
1.041227
0.2879414
1.631997
0.7606652
1.545517
0.9939586
1.323791
0.4200428
0.4697711
0.2491574
0.3097067
0.4887067
0.9753286
0.5810636
0.5580648
0.01226867
0.147982
0.4276667
1.491323
0.5240844
0.2577534
0.4519142
0.4480907
0.02050247
0.04211761
1.063416
0.1357663
0.8570393
0.3606719
1.204279
0.7761325
0.3282508
0.01421198
0.5631412
0.2657888
0.7363848
0.451963
0.4013799
0.1248213
0.9413569
0.2858008
0.4820994
0.7915616
1.305282
0.6323621
0.5668187
0.5046948
0.2204405
1.065641
1.107285
0.1604085
0.9718011
0.1545385
0.4997008
0.01091707
0.2693715
0.2080913
0.5973414
0.1249175
0.6073614
0.2031534
0.5876058
0.6054055
1.328681
1.325506
0.02158795
0.7425011
0.337477
0.649036
1.477295
0.2574619
0.08607583
0.865427
0.2957378
0.3147308
1.20811
0.2985966
0.9745187
0.8400701
0.5717124
1.323269
1.063907
1.006048
0.05186235
0.09368952
1.265119
0.2799497
1.093781
0.009997566
1.25977
1.01607
0.03408434
0.9685375
0.3998077
1.138957
0.2090405
0.1363654
1.401727
0.1052403
0.7128288
0.6404398
0.08038011
1.022237
0.4074801
0.103506
0.4937523
0.4434264
0.1817697
1.434294
0.227027
0.4762632
0.4750812
0.1149749
0.003859686
0.4215902
1.454936
0.6606513
0.5051914
0.6694289
0.3403886
1.540089
0.2465
1.148328
0.5174328
0.7687768
0.5264431
1.848696
0.2338233
1.525192
0.11314
0.5007888
0.1934172
0.7940665
0.3977555
0.06284744
0.1586868
0.717889
0.3118089
1.593618
0.7563248
0.3375621
0.4446021
0.2471504
0.8931543
0.618744
0.02496332
1.274508
0.9800226
0.8615069
1.38023
1.083668
0.09618
0.5436703
1.315785
0.4467108
0.534028
0.9796687
1.485382
0.6499136
0.2949682
1.794902
0.1057142
0.1052341
0.7373712
0.1158575
0.5603808
0.3417065
0.74394
0.1044521
0.8487913
1.604084
0.8576489
0.2311786
0.8190761
0.09030111
0.2500465
0.7334207
0.7609792
0.1296717
0.2923596
0.4845968
1.155089
0.117893
0.5082032
0.5525174
1.343673
0.8374472
0.0818115
0.3093409
1.09385
0.234098
0.4716698
1.183159
1.567759
0.8920196
0.9233944
1.410494
1.447169
1.591539
0.3938585
0.2574482
0.6686931
0.2758307
0.5680797
0.1572396
0.4589243
0.04722319
1.241148
0.8281716
0.1945127
0.0110398
0.4087622
1.272528
0.8927441
1.717088
0.0236456
0.4363034
0.3582587
1.057713
0.8328855
0.3524312
1.074717
0.7925152
0.313974
0.6453752
0.4149686
1.419824
0.3870974
0.9624893
0.3083536
0.5433282
0.0829908
0.7232548
1.054776
0.2209242
1.149817
0.3431355
0.3204279
0.981845
0.940547
1.335483
0.19684
0.2752265
0.9293462
1.097247
0.1503469
0.772655
0.6893635
0.8048027
0.6763598
0.116935
0.4927098
0.3218773
0.2571152
0.07822746
0.1155488
0.1251645
1.315173
0.5188451
0.0568606
0.4839651
0.3212626
0.1311296
0.9337679
0.01505944
1.12927
1.546285
0.01830812
0.2505381
0.7340529
0.08444917
0.5271795
0.8355901
0.253727
0.03401733
1.510059
0.5426013
0.5981162
1.469637
1.205197
0.2090898
1.333611
0.06438843
0.741718
1.276477
0.4104209
0.9137064
0.698633
0.3264297
0.9361432
0.295188
1.112848
0.1188692
0.1298794
0.0220271
0.2217864
0.3597358
0.127307
0.07604778
1.571652
0.02810627
0.3885254
0.2381097
0.9001181
1.509937
1.687998
0.8981826
0.734335
0.4883715
0.1988875
1.774001
0.9882728
1.719788
0.7065393
1.306204
0.4321797
0.2043872
0.752118
0.5525276
1.903963
0.1644008
0.9809716
0.3744224
0.03440873
0.8740593
0.2606806
1.784372
0.01921843
0.8965735
1.216928
0.9203987
1.267541
0.3249369
0.09756233
1.372376
0.04100662
0.1599409
1.496619
0.2671634
0.06358016
0.8928483
0.6055292
1.068231
0.9080286
0.7409121
1.273901
0.8348959
0.1978003
0.09258269
0.5109691
0.6284527
0.9649229
1.335916
0.0735078
0.5547746
0.2185935
0.2541532
0.8746869
1.641861
0.6376309
1.303031
0.718283
0.06175162
0.1591299
1.116043
0.4153434
1.058498
1.733444
0.9655218
1.250062
0.2907341
0.1095256
0.3999687
0.985194
0.9527053
0.06886355
1.327061
1.386013
1.043261
1.390493
0.963717
0.1797193
0.3696202
0.6376889
1.119643
1.170994
1.175285
0.7771854
1.058072
0.713471
0.5250039
0.383082
0.6533595
1.826309
1.747921
0.07444048
0.05443567
0.2196009
0.0131052
0.6790169
0.09972416
0.04763614
0.5898204
0.3243642
0.7484081
0.9336574
0.9555299
0.1429941
0.374329
0.608622
0.1044971
0.3472024
0.1561079
0.471661
0.0169367
0.9410773
0.03917999
0.9519096
1.656622
1.00646
0.2549126
0.08654865
0.2920699
0.06985979
1.022043
0.7250382
1.455302
0.2208465
0.1329174
0.142122
0.06640429
1.720559
0.3014
1.256917
1.267974
0.6938344
0.7686717
0.7354897
0.09710211
0.413276
1.21993
0.3184866
0.1723964
0.2943331
0.6515677
0.3002232
0.7461471
0.8569062
0.3291737
0.187227
0.2210561
0.5581693
0.2505549
0.5923521
1.529506
0.8059378
1.079351
1.337872
1.467284
0.7764678
0.2284435
0.2048513
1.272606
0.3922257
1.156116
0.7382562
1.248429
0.04607955
0.06522741
0.2885021
1.375885
0.2613617
0.05881912
1.214694
0.4348819
0.7641636
0.4825692
0.6817246
0.4505747
0.2174776
0.5168806
0.9350321
0.6207096
1.869876
0.7715621
0.1767191
0.6011001
1.064109
0.09186271
1.478169
0.8153516
0.5139896
0.2480019
1.245545
1.163343
0.3071619
0.709101
1.258548
1.499905
1.41522
1.018069
0.1777526
1.378956
0.4696453
0.3695725
0.2473794
1.090323
0.5768227
0.07595435
0.3216183
0.8093617
0.4159954
1.302671
0.1220802
0.6622965
0.02618442
0.1443266
0.8010341
0.5930731
0.2560774
1.049108
0.5706257
0.6668101
0.9090529
1.255447
1.307527
1.371797
0.01408458
0.3670427
1.697161
0.8024433
0.8715289
0.4854063
0.5793429
1.413933
0.1480687
0.07620379
0.4531979
0.07493688
0.9290876
0.1538832
0.08654817
0.1224216
0.2073612
0.5118768
1.027401
1.197613
1.141918
0.01165013
1.239739
0.1449777
0.3546533
0.1496292
0.3133634
0.2174722
0.4436813
0.8918494
1.442788
0.3658352
1.076377
0.8834511
0.003453932
1.045055
0.6927258
1.023121
0.1092129
1.318664
0.009276853
1.440141
0.1064609
1.033797
0.8700404
1.80605
0.3171448
0.6086609
0.09768051
0.9724115
0.09511758
1.196095
0.6598406
0.1476523
0.09440595
1.477081
0.2688644
0.43095
0.6613519
0.9094649
0.8705317
0.07403721
0.1607545
0.09016395
0.2910727
0.8082725
0.7843643
0.8333427
0.3970308
0.99788
0.7705988
1.140322
1.043763
0.448934
0.06085453
0.2298251
0.02393564
0.3719783
1.129558
1.368049
0.7145524
0.9989154
0.5364779
1.076103
0.7197653
0.2783432
0.516127
0.4857651
0.72198
0.08839037
0.5836348
1.172866
1.008472
0.1399926
0.03134576
0.3025534
0.3739147
0.3074288
0.1796813
0.52035
0.7456661
1.094078
0.3092015
0.374473
0.6049105
1.115216
1.101744
0.2426644
0.8835851
0.5702377
0.8646363
0.1295639
1.725941
0.03185774
0.2194787
0.1324708
1.025813
1.02935
0.3658172
0.452363
0.4336548
0.4451215
0.02395508
0.7205314
1.215003
0.2174548
0.123977
0.24296
0.04574392
0.9297427
0.3413695
1.056266
0.5637783
0.6867072
0.02450739
0.706101
0.6562329
0.5620528
0.4819086
0.3656958
0.8426056
0.4061745
0.1415989
0.7013088
0.3098898
1.492357
0.5531667
0.2127274
0.2644549
0.5947455
0.2016212
0.1107278
0.463643
0.3104608
0.3065639
0.4976926
1.597146
0.09596788
0.8712507
0.6215876
0.1304694
0.1019123
0.1343829
0.4420409
0.3681902
1.081181
1.317617
0.2577189
0.1972434
0.1709543
0.3187531
1.085121
1.170986
0.2807248
1.804671
1.507913
1.247605
1.672628
0.2741668
0.2501615
0.5586762
1.09288
0.5751555
0.2138097
0.0400968
1.369069
0.07433402
0.2652601
0.889446
1.628076
0.2336145
0.6600678
1.833423
1.047664
0.3045625
0.5047757
0.2233211
0.06210964
0.3656481
0.06609521
1.095465
0.8648567
0.6301277
1.053271
0.3832504
1.27437
0.6729062
0.5481578
0.06739114
0.1300086
1.587813
0.07781805
0.07510534
0.3214092
1.235761
1.350873
0.1554899
0.4186195
0.1745734
0.5337735
1.06666
0.9030973
1.304527
0.8090082
1.41351
0.642039
1.767405
1.714523
0.6118425
0.2167057
0.268909
0.2659056
1.113067
0.305234
1.129899
0.5218306
0.7782038
0.2939892
0.7379247
0.711279
0.3756972
1.038827
0.03792119
0.6021213
0.340718
0.04263114
0.1434981
1.068104
0.3039683
0.3661726
0.2848905
1.294388
1.266612
0.8771969
0.8980296
0.7000612
0.856982
0.4200056
0.1473965
0.6063325
0.2736379
0.8431477
0.3708793
0.9720408
0.06840883
0.7218178
0.3477883
0.09867235
0.1110313
0.9815578
0.3908258
0.392691
0.4743339
0.3787155
0.1526841
0.1069777
1.109486
0.656622
0.0248814
1.105206
1.129433
0.4266667
1.451046
0.9358762
0.7278793
0.2923333
0.2292659
1.043311
0.1852498
0.536678
0.7283502
1.170451
1.039051
0.7502274
0.7464247
0.3692991
0.00437774
0.03811006
0.7657792
1.070338
1.536358
0.5044482
0.4562717
1.111474
1.399695
0.2450359
0.7699209
0.6822363
1.23288
0.5567324
0.4234051
0.05037833
0.4491503
0.2234829
0.2078107
1.722742
1.362614
1.410515
0.08221084
0.4137785
0.004102582
0.653194
1.431365
0.7135845
1.462189
0.8453715
1.044301
1.165034
1.445315
0.7013093
0.4049701
0.7254215
0.8772688
0.8879307
1.661985
0.03883574
0.6363391
0.3868521
0.3994969
1.203898
0.1773891
0.822715
0.9064009
1.512424
1.186445
0.2631313
0.0008274019
1.359943
0.4249919
0.4467644
0.7497118
0.885216
1.140596
0.5401395
0.0972561
0.05128818
0.05949407
1.367695
0.2064813
0.517063
1.245473
